,time,beat_start,beat1,beat2,beat_index,mel_start,mel_end,mel_pitch,mel_velocity,mel_index,bri_start,bri_end,bri_pitch,bri_velocity,bri_index,pia_start,pia_end,pia_pitch,pia_velocity,pia_index,chord_start,chord_end,chord,chord_index
0,0.774781524,0.774781524,1.0,0.0,0.0,,,,,,,,,,,,,,,,,,,
1,0.774782,0.774781524,1.0,0.0,0.0,,,,,,,,,,,,,,,,0.774782,1.644346,N,0.0
2,1.6443455240000002,1.6443455240000002,0.0,0.0,1.0,,,,,,,,,,,,,,,,0.774782,1.644346,N,0.0
3,1.644346,1.6443455240000002,0.0,0.0,1.0,,,,,,,,,,,,,,,,1.644346,2.51391,N,1.0
4,2.513909524,2.513909524,1.0,1.0,2.0,,,,,,,,,,,,,,,,1.644346,2.51391,N,1.0
5,2.51391,2.513909524,1.0,1.0,2.0,,,,,,,,,,,,,,,,2.51391,3.383474,N,2.0
6,3.383473524,3.383473524,0.0,0.0,3.0,,,,,,,,,,,,,,,,2.51391,3.383474,N,2.0
7,3.383474,3.383473524,0.0,0.0,3.0,,,,,,,,,,,,,,,,3.383474,4.253038,N,3.0
8,3.4130387000000004,3.383473524,0.0,0.0,3.0,,,,,,3.4130387000000004,4.353254775000001,45.0,81.0,0.0,,,,,,3.383474,4.253038,N,3.0
9,3.8985452666666673,3.383473524,0.0,0.0,3.0,,,,,,3.8985452666666673,4.166660833333334,54.0,93.0,1.0,,,,,,3.383474,4.253038,N,3.0
10,4.166660833333334,3.383473524,0.0,0.0,3.0,,,,,,3.8985452666666673,4.166660833333334,54.0,93.0,1.0,,,,,,3.383474,4.253038,N,3.0
11,4.253037524,4.253037524,1.0,0.0,4.0,,,,,,,,,,,,,,,,3.383474,4.253038,N,3.0
12,4.253038,4.253037524,1.0,0.0,4.0,,,,,,,,,,,,,,,,4.253038,5.122602,N,4.0
13,4.353254775000001,4.253037524,1.0,0.0,4.0,,,,,,,,,,,,,,,,4.253038,5.122602,N,4.0
14,4.382240241666668,4.253037524,1.0,0.0,4.0,,,,,,4.382240241666668,4.697457191666667,62.0,89.0,2.0,,,,,,4.253038,5.122602,N,4.0
15,4.40216775,4.253037524,1.0,0.0,4.0,,,,,,4.40216775,4.675718091666667,54.0,85.0,3.0,,,,,,4.253038,5.122602,N,4.0
16,4.675718091666667,4.253037524,1.0,0.0,4.0,,,,,,4.40216775,4.675718091666667,54.0,85.0,3.0,,,,,,4.253038,5.122602,N,4.0
17,4.697457191666667,4.253037524,1.0,0.0,4.0,,,,,,,,,,,,,,,,4.253038,5.122602,N,4.0
18,4.903978641666668,4.253037524,1.0,0.0,4.0,,,,,,4.903978641666668,5.481876383333335,61.0,93.0,4.0,,,,,,4.253038,5.122602,N,4.0
19,4.954703208333334,4.253037524,1.0,0.0,4.0,,,,,,4.954703208333334,5.494557525000001,52.0,76.0,5.0,,,,,,4.253038,5.122602,N,4.0
20,5.122601524,5.122601524,0.0,0.0,5.0,,,,,,4.954703208333334,5.494557525000001,52.0,76.0,5.0,,,,,,4.253038,5.122602,N,4.0
21,5.122602,5.122601524,0.0,0.0,5.0,,,,,,4.954703208333334,5.494557525000001,52.0,76.0,5.0,,,,,,5.122602,5.992166,N,5.0
22,5.445644550000001,5.122601524,0.0,0.0,5.0,,,,,,5.445644550000001,5.996368416666668,62.0,93.0,6.0,,,,,,5.122602,5.992166,N,5.0
23,5.481876383333335,5.122601524,0.0,0.0,5.0,,,,,,5.445644550000001,5.996368416666668,62.0,93.0,6.0,,,,,,5.122602,5.992166,N,5.0
24,5.4836879750000005,5.122601524,0.0,0.0,5.0,,,,,,5.4836879750000005,6.039846616666668,54.0,89.0,7.0,,,,,,5.122602,5.992166,N,5.0
25,5.494557525000001,5.122601524,0.0,0.0,5.0,,,,,,5.4836879750000005,6.039846616666668,54.0,89.0,7.0,,,,,,5.122602,5.992166,N,5.0
26,5.992165524,5.992165524,1.0,1.0,6.0,,,,,,5.4836879750000005,6.039846616666668,54.0,89.0,7.0,,,,,,5.122602,5.992166,N,5.0
27,5.992166,5.992165524,1.0,1.0,6.0,,,,,,5.4836879750000005,6.039846616666668,54.0,89.0,7.0,,,,,,5.992166,6.86173,N,6.0
28,5.996368416666668,5.992165524,1.0,1.0,6.0,,,,,,5.4836879750000005,6.039846616666668,54.0,89.0,7.0,,,,,,5.992166,6.86173,N,6.0
29,6.003614783333334,5.992165524,1.0,1.0,6.0,,,,,,6.003614783333334,6.686584841666668,64.0,82.0,8.0,,,,,,5.992166,6.86173,N,6.0
30,6.039846616666668,5.992165524,1.0,1.0,6.0,,,,,,6.003614783333334,6.686584841666668,64.0,82.0,8.0,,,,,,5.992166,6.86173,N,6.0
31,6.054339350000001,5.992165524,1.0,1.0,6.0,,,,,,6.054339350000001,6.572454566666668,55.0,96.0,9.0,,,,,,5.992166,6.86173,N,6.0
32,6.572454566666668,5.992165524,1.0,1.0,6.0,,,,,,6.054339350000001,6.572454566666668,55.0,96.0,9.0,,,,,,5.992166,6.86173,N,6.0
33,6.643106641666668,5.992165524,1.0,1.0,6.0,,,,,,6.643106641666668,7.295279641666668,66.0,85.0,10.0,,,,,,5.992166,6.86173,N,6.0
34,6.679338475000001,5.992165524,1.0,1.0,6.0,,,,,,6.679338475000001,7.2916564583333345,57.0,93.0,11.0,,,,,,5.992166,6.86173,N,6.0
35,6.686584841666668,5.992165524,1.0,1.0,6.0,,,,,,6.679338475000001,7.2916564583333345,57.0,93.0,11.0,,,,,,5.992166,6.86173,N,6.0
36,6.861729524,6.861729524,0.0,0.0,7.0,,,,,,6.679338475000001,7.2916564583333345,57.0,93.0,11.0,,,,,,5.992166,6.86173,N,6.0
37,6.86173,6.861729524,0.0,0.0,7.0,,,,,,6.679338475000001,7.2916564583333345,57.0,93.0,11.0,,,,,,6.86173,7.731294,N,7.0
38,7.277163725000001,6.861729524,0.0,0.0,7.0,,,,,,7.277163725000001,9.226436358333334,59.0,76.0,12.0,,,,,,6.86173,7.731294,N,7.0
39,7.288033275000001,6.861729524,0.0,0.0,7.0,,,,,,7.288033275000001,9.2391175,67.0,69.0,13.0,,,,,,6.86173,7.731294,N,7.0
40,7.2916564583333345,6.861729524,0.0,0.0,7.0,,,,,,7.288033275000001,9.2391175,67.0,69.0,13.0,,,,,,6.86173,7.731294,N,7.0
41,7.295279641666668,6.861729524,0.0,0.0,7.0,,,,,,7.288033275000001,9.2391175,67.0,69.0,13.0,,,,,,6.86173,7.731294,N,7.0
42,7.731293524000001,7.731293524000001,1.0,1.0,8.0,,,,,,7.288033275000001,9.2391175,67.0,69.0,13.0,,,,,,6.86173,7.731294,N,7.0
43,7.731294,7.731293524000001,1.0,1.0,8.0,,,,,,7.288033275000001,9.2391175,67.0,69.0,13.0,,,,,,7.731294,8.600858,N,8.0
44,8.600857524,8.600857524,0.0,0.0,9.0,,,,,,7.288033275000001,9.2391175,67.0,69.0,13.0,,,,,,7.731294,8.600858,N,8.0
45,8.600858,8.600857524,0.0,0.0,9.0,,,,,,7.288033275000001,9.2391175,67.0,69.0,13.0,,,,,,8.600858,9.470422,N,9.0
46,9.226436358333334,8.600857524,0.0,0.0,9.0,,,,,,7.288033275000001,9.2391175,67.0,69.0,13.0,,,,,,8.600858,9.470422,N,9.0
47,9.2391175,8.600857524,0.0,0.0,9.0,,,,,,7.288033275000001,9.2391175,67.0,69.0,13.0,,,,,,8.600858,9.470422,N,9.0
48,9.470421524,9.470421524,0.0,0.0,10.0,,,,,,,,,,,,,,,,8.600858,9.470422,N,9.0
49,9.470422,9.470421524,0.0,0.0,10.0,,,,,,,,,,,,,,,,9.470422,10.339986,N,10.0
50,10.339985524,10.339985524,1.0,1.0,11.0,,,,,,,,,,,,,,,,9.470422,10.339986,N,10.0
51,10.339986,10.339985524,1.0,1.0,11.0,,,,,,,,,,,,,,,,10.339986,13.818242,A:sus2,11.0
52,10.340565233333336,10.339985524,1.0,1.0,11.0,,,,,,,,,,,10.340565233333336,10.800709516666668,57.0,92.0,0.0,10.339986,13.818242,A:sus2,11.0
53,10.340565233333336,10.339985524,1.0,1.0,11.0,,,,,,,,,,,10.340565233333336,13.902154450000005,45.0,79.0,1.0,10.339986,13.818242,A:sus2,11.0
54,10.775347233333337,10.339985524,1.0,1.0,11.0,,,,,,,,,,,10.775347233333337,11.230056741666669,59.0,68.0,2.0,10.339986,13.818242,A:sus2,11.0
55,10.800709516666668,10.339985524,1.0,1.0,11.0,,,,,,,,,,,10.775347233333337,11.230056741666669,59.0,68.0,2.0,10.339986,13.818242,A:sus2,11.0
56,11.209549524000002,11.209549524000002,0.0,0.0,12.0,,,,,,,,,,,10.775347233333337,11.230056741666669,59.0,68.0,2.0,10.339986,13.818242,A:sus2,11.0
57,11.210129233333337,11.209549524000002,0.0,0.0,12.0,,,,,,,,,,,11.210129233333337,11.637664866666668,57.0,75.0,3.0,10.339986,13.818242,A:sus2,11.0
58,11.230056741666669,11.209549524000002,0.0,0.0,12.0,,,,,,,,,,,11.210129233333337,11.637664866666668,57.0,75.0,3.0,10.339986,13.818242,A:sus2,11.0
59,11.637664866666668,11.209549524000002,0.0,0.0,12.0,,,,,,,,,,,11.210129233333337,11.637664866666668,57.0,75.0,3.0,10.339986,13.818242,A:sus2,11.0
60,11.644911233333335,11.209549524000002,0.0,0.0,12.0,,,,,,,,,,,11.644911233333335,12.054330950000002,59.0,72.0,4.0,10.339986,13.818242,A:sus2,11.0
61,12.054330950000002,11.209549524000002,0.0,0.0,12.0,,,,,,,,,,,11.644911233333335,12.054330950000002,59.0,72.0,4.0,10.339986,13.818242,A:sus2,11.0
62,12.079113524,12.079113524,1.0,0.0,13.0,,,,,,,,,,,,,,,,10.339986,13.818242,A:sus2,11.0
63,12.079693233333336,12.079113524,1.0,0.0,13.0,,,,,,,,,,,12.079693233333336,12.469185441666667,57.0,92.0,5.0,10.339986,13.818242,A:sus2,11.0
64,12.469185441666667,12.079113524,1.0,0.0,13.0,,,,,,,,,,,12.079693233333336,12.469185441666667,57.0,92.0,5.0,10.339986,13.818242,A:sus2,11.0
65,12.514475233333336,12.079113524,1.0,0.0,13.0,,,,,,,,,,,12.514475233333336,12.931141316666668,59.0,77.0,6.0,10.339986,13.818242,A:sus2,11.0
66,12.931141316666668,12.079113524,1.0,0.0,13.0,,,,,,,,,,,12.514475233333336,12.931141316666668,59.0,77.0,6.0,10.339986,13.818242,A:sus2,11.0
67,12.948677524,12.948677524,0.0,0.0,14.0,,,,,,,,,,,,,,,,10.339986,13.818242,A:sus2,11.0
68,12.949257233333336,12.948677524,0.0,0.0,14.0,,,,,,,,,,,12.949257233333336,13.389474008333336,57.0,70.0,7.0,10.339986,13.818242,A:sus2,11.0
69,13.384039233333336,12.948677524,0.0,0.0,14.0,,,,,,,,,,,13.384039233333336,13.849618291666667,59.0,70.0,8.0,10.339986,13.818242,A:sus2,11.0
70,13.389474008333336,12.948677524,0.0,0.0,14.0,,,,,,,,,,,13.384039233333336,13.849618291666667,59.0,70.0,8.0,10.339986,13.818242,A:sus2,11.0
71,13.818241524,13.818241524,1.0,1.0,15.0,,,,,,,,,,,13.384039233333336,13.849618291666667,59.0,70.0,8.0,10.339986,13.818242,A:sus2,11.0
72,13.818242,13.818241524,1.0,1.0,15.0,,,,,,,,,,,13.384039233333336,13.849618291666667,59.0,70.0,8.0,13.818242,17.296498,D:maj,12.0
73,13.818821233333336,13.818241524,1.0,1.0,15.0,,,,,,13.818821233333336,15.168457025000002,67.0,85.0,14.0,13.818821233333336,15.427514633333336,50.0,64.0,9.0,13.818242,17.296498,D:maj,12.0
74,13.849618291666667,13.818241524,1.0,1.0,15.0,,,,,,13.818821233333336,15.168457025000002,67.0,85.0,14.0,13.818821233333336,15.427514633333336,50.0,64.0,9.0,13.818242,17.296498,D:maj,12.0
75,13.902154450000005,13.818241524,1.0,1.0,15.0,,,,,,13.818821233333336,15.168457025000002,67.0,85.0,14.0,13.818821233333336,15.427514633333336,50.0,64.0,9.0,13.818242,17.296498,D:maj,12.0
76,14.253603233333337,13.818241524,1.0,1.0,15.0,,,,,,13.818821233333336,15.168457025000002,67.0,85.0,14.0,14.253603233333337,14.817008241666668,57.0,57.0,10.0,13.818242,17.296498,D:maj,12.0
77,14.687805524,14.687805524,0.0,0.0,16.0,,,,,,13.818821233333336,15.168457025000002,67.0,85.0,14.0,14.253603233333337,14.817008241666668,57.0,57.0,10.0,13.818242,17.296498,D:maj,12.0
78,14.688385233333335,14.687805524,0.0,0.0,16.0,,,,,,13.818821233333336,15.168457025000002,67.0,85.0,14.0,14.688385233333335,16.00722396666667,62.0,71.0,11.0,13.818242,17.296498,D:maj,12.0
79,14.817008241666668,14.687805524,0.0,0.0,16.0,,,,,,13.818821233333336,15.168457025000002,67.0,85.0,14.0,14.688385233333335,16.00722396666667,62.0,71.0,11.0,13.818242,17.296498,D:maj,12.0
80,15.123167233333335,14.687805524,0.0,0.0,16.0,,,,,,15.123167233333335,16.45287551666667,66.0,86.0,15.0,15.123167233333335,15.744543175000002,57.0,56.0,12.0,13.818242,17.296498,D:maj,12.0
81,15.168457025000002,14.687805524,0.0,0.0,16.0,,,,,,15.123167233333335,16.45287551666667,66.0,86.0,15.0,15.123167233333335,15.744543175000002,57.0,56.0,12.0,13.818242,17.296498,D:maj,12.0
82,15.427514633333336,14.687805524,0.0,0.0,16.0,,,,,,15.123167233333335,16.45287551666667,66.0,86.0,15.0,15.123167233333335,15.744543175000002,57.0,56.0,12.0,13.818242,17.296498,D:maj,12.0
83,15.557369524,15.557369524,1.0,0.0,17.0,,,,,,15.123167233333335,16.45287551666667,66.0,86.0,15.0,15.123167233333335,15.744543175000002,57.0,56.0,12.0,13.818242,17.296498,D:maj,12.0
84,15.557949233333336,15.557369524,1.0,0.0,17.0,,,,,,15.123167233333335,16.45287551666667,66.0,86.0,15.0,15.557949233333336,17.22461356666667,50.0,57.0,13.0,13.818242,17.296498,D:maj,12.0
85,15.744543175000002,15.557369524,1.0,0.0,17.0,,,,,,15.123167233333335,16.45287551666667,66.0,86.0,15.0,15.557949233333336,17.22461356666667,50.0,57.0,13.0,13.818242,17.296498,D:maj,12.0
86,15.992731233333336,15.557369524,1.0,0.0,17.0,,,,,,15.123167233333335,16.45287551666667,66.0,86.0,15.0,15.992731233333336,16.530773958333334,57.0,51.0,14.0,13.818242,17.296498,D:maj,12.0
87,16.00722396666667,15.557369524,1.0,0.0,17.0,,,,,,15.123167233333335,16.45287551666667,66.0,86.0,15.0,15.992731233333336,16.530773958333334,57.0,51.0,14.0,13.818242,17.296498,D:maj,12.0
88,16.426933524,16.426933524,0.0,0.0,18.0,,,,,,15.123167233333335,16.45287551666667,66.0,86.0,15.0,15.992731233333336,16.530773958333334,57.0,51.0,14.0,13.818242,17.296498,D:maj,12.0
89,16.427513233333336,16.426933524,0.0,0.0,18.0,,,,,,16.427513233333336,17.336932250000004,64.0,85.0,16.0,16.427513233333336,17.396714775000003,66.0,70.0,15.0,13.818242,17.296498,D:maj,12.0
90,16.427513233333336,16.426933524,0.0,0.0,18.0,,,,,,16.427513233333336,17.336932250000004,64.0,85.0,16.0,16.427513233333336,17.45287411666667,62.0,61.0,16.0,13.818242,17.296498,D:maj,12.0
91,16.45287551666667,16.426933524,0.0,0.0,18.0,,,,,,16.427513233333336,17.336932250000004,64.0,85.0,16.0,16.427513233333336,17.45287411666667,62.0,61.0,16.0,13.818242,17.296498,D:maj,12.0
92,16.530773958333334,16.426933524,0.0,0.0,18.0,,,,,,16.427513233333336,17.336932250000004,64.0,85.0,16.0,16.427513233333336,17.45287411666667,62.0,61.0,16.0,13.818242,17.296498,D:maj,12.0
93,16.862295233333334,16.426933524,0.0,0.0,18.0,,,,,,16.427513233333336,17.336932250000004,64.0,85.0,16.0,16.862295233333334,17.384033633333335,57.0,48.0,17.0,13.818242,17.296498,D:maj,12.0
94,17.22461356666667,16.426933524,0.0,0.0,18.0,,,,,,16.427513233333336,17.336932250000004,64.0,85.0,16.0,16.862295233333334,17.384033633333335,57.0,48.0,17.0,13.818242,17.296498,D:maj,12.0
95,17.296497524,17.296497524,1.0,1.0,19.0,,,,,,16.427513233333336,17.336932250000004,64.0,85.0,16.0,16.862295233333334,17.384033633333335,57.0,48.0,17.0,13.818242,17.296498,D:maj,12.0
96,17.296498,17.296497524,1.0,1.0,19.0,,,,,,16.427513233333336,17.336932250000004,64.0,85.0,16.0,16.862295233333334,17.384033633333335,57.0,48.0,17.0,17.296498,20.774754,D:maj,13.0
97,17.297077233333336,17.296497524,1.0,1.0,19.0,,,,,,17.297077233333336,18.05069936666667,67.0,88.0,17.0,17.297077233333336,18.96374156666667,50.0,68.0,18.0,17.296498,20.774754,D:maj,13.0
98,17.336932250000004,17.296497524,1.0,1.0,19.0,,,,,,17.297077233333336,18.05069936666667,67.0,88.0,17.0,17.297077233333336,18.96374156666667,50.0,68.0,18.0,17.296498,20.774754,D:maj,13.0
99,17.384033633333335,17.296497524,1.0,1.0,19.0,,,,,,17.297077233333336,18.05069936666667,67.0,88.0,17.0,17.297077233333336,18.96374156666667,50.0,68.0,18.0,17.296498,20.774754,D:maj,13.0
100,17.396714775000003,17.296497524,1.0,1.0,19.0,,,,,,17.297077233333336,18.05069936666667,67.0,88.0,17.0,17.297077233333336,18.96374156666667,50.0,68.0,18.0,17.296498,20.774754,D:maj,13.0
101,17.45287411666667,17.296497524,1.0,1.0,19.0,,,,,,17.297077233333336,18.05069936666667,67.0,88.0,17.0,17.297077233333336,18.96374156666667,50.0,68.0,18.0,17.296498,20.774754,D:maj,13.0
102,17.731859233333335,17.296497524,1.0,1.0,19.0,,,,,,17.297077233333336,18.05069936666667,67.0,88.0,17.0,17.731859233333335,18.25722081666667,57.0,46.0,19.0,17.296498,20.774754,D:maj,13.0
103,18.05069936666667,17.296497524,1.0,1.0,19.0,,,,,,17.297077233333336,18.05069936666667,67.0,88.0,17.0,17.731859233333335,18.25722081666667,57.0,46.0,19.0,17.296498,20.774754,D:maj,13.0
104,18.166061524,18.166061524,0.0,0.0,20.0,,,,,,,,,,,17.731859233333335,18.25722081666667,57.0,46.0,19.0,17.296498,20.774754,D:maj,13.0
105,18.166641233333337,18.166061524,0.0,0.0,20.0,,,,,,18.166641233333337,18.845988108333337,67.0,85.0,18.0,18.166641233333337,19.61047979166667,62.0,56.0,20.0,17.296498,20.774754,D:maj,13.0
106,18.166641233333337,18.166061524,0.0,0.0,20.0,,,,,,18.166641233333337,18.845988108333337,67.0,85.0,18.0,18.166641233333337,19.59961024166667,66.0,68.0,21.0,17.296498,20.774754,D:maj,13.0
107,18.25722081666667,18.166061524,0.0,0.0,20.0,,,,,,18.166641233333337,18.845988108333337,67.0,85.0,18.0,18.166641233333337,19.59961024166667,66.0,68.0,21.0,17.296498,20.774754,D:maj,13.0
108,18.601423233333332,18.166061524,0.0,0.0,20.0,,,,,,18.166641233333337,18.845988108333337,67.0,85.0,18.0,18.601423233333332,19.30794398333333,57.0,48.0,22.0,17.296498,20.774754,D:maj,13.0
109,18.81881423333333,18.166061524,0.0,0.0,20.0,,,,,,18.81881423333333,19.77895781666667,66.0,74.0,19.0,18.601423233333332,19.30794398333333,57.0,48.0,22.0,17.296498,20.774754,D:maj,13.0
110,18.845988108333337,18.166061524,0.0,0.0,20.0,,,,,,18.81881423333333,19.77895781666667,66.0,74.0,19.0,18.601423233333332,19.30794398333333,57.0,48.0,22.0,17.296498,20.774754,D:maj,13.0
111,18.96374156666667,18.166061524,0.0,0.0,20.0,,,,,,18.81881423333333,19.77895781666667,66.0,74.0,19.0,18.601423233333332,19.30794398333333,57.0,48.0,22.0,17.296498,20.774754,D:maj,13.0
112,19.035625524,19.035625524,1.0,0.0,21.0,,,,,,18.81881423333333,19.77895781666667,66.0,74.0,19.0,18.601423233333332,19.30794398333333,57.0,48.0,22.0,17.296498,20.774754,D:maj,13.0
113,19.036205233333337,19.035625524,1.0,0.0,21.0,,,,,,18.81881423333333,19.77895781666667,66.0,74.0,19.0,19.036205233333337,20.568811783333334,50.0,57.0,23.0,17.296498,20.774754,D:maj,13.0
114,19.30794398333333,19.035625524,1.0,0.0,21.0,,,,,,18.81881423333333,19.77895781666667,66.0,74.0,19.0,19.036205233333337,20.568811783333334,50.0,57.0,23.0,17.296498,20.774754,D:maj,13.0
115,19.470987233333336,19.035625524,1.0,0.0,21.0,,,,,,18.81881423333333,19.77895781666667,66.0,74.0,19.0,19.470987233333336,19.994537225,57.0,54.0,24.0,17.296498,20.774754,D:maj,13.0
116,19.59961024166667,19.035625524,1.0,0.0,21.0,,,,,,18.81881423333333,19.77895781666667,66.0,74.0,19.0,19.470987233333336,19.994537225,57.0,54.0,24.0,17.296498,20.774754,D:maj,13.0
117,19.61047979166667,19.035625524,1.0,0.0,21.0,,,,,,18.81881423333333,19.77895781666667,66.0,74.0,19.0,19.470987233333336,19.994537225,57.0,54.0,24.0,17.296498,20.774754,D:maj,13.0
118,19.77895781666667,19.035625524,1.0,0.0,21.0,,,,,,18.81881423333333,19.77895781666667,66.0,74.0,19.0,19.470987233333336,19.994537225,57.0,54.0,24.0,17.296498,20.774754,D:maj,13.0
119,19.905189524,19.905189524,0.0,0.0,22.0,,,,,,,,,,,19.470987233333336,19.994537225,57.0,54.0,24.0,17.296498,20.774754,D:maj,13.0
120,19.905769233333334,19.905189524,0.0,0.0,22.0,,,,,,19.905769233333334,20.139464558333337,64.0,83.0,20.0,19.905769233333334,21.27352094166667,62.0,64.0,25.0,17.296498,20.774754,D:maj,13.0
121,19.905769233333334,19.905189524,0.0,0.0,22.0,,,,,,19.905769233333334,20.139464558333337,64.0,83.0,20.0,19.905769233333334,21.418448275000003,66.0,66.0,26.0,17.296498,20.774754,D:maj,13.0
122,19.994537225,19.905189524,0.0,0.0,22.0,,,,,,19.905769233333334,20.139464558333337,64.0,83.0,20.0,19.905769233333334,21.418448275000003,66.0,66.0,26.0,17.296498,20.774754,D:maj,13.0
123,20.123160233333337,19.905189524,0.0,0.0,22.0,,,,,,20.123160233333337,20.364101925000003,62.0,68.0,21.0,19.905769233333334,21.418448275000003,66.0,66.0,26.0,17.296498,20.774754,D:maj,13.0
124,20.139464558333337,19.905189524,0.0,0.0,22.0,,,,,,20.123160233333337,20.364101925000003,62.0,68.0,21.0,19.905769233333334,21.418448275000003,66.0,66.0,26.0,17.296498,20.774754,D:maj,13.0
125,20.340551233333336,19.905189524,0.0,0.0,22.0,,,,,,20.340551233333336,20.940188075,57.0,59.0,22.0,20.340551233333336,20.99815900833333,57.0,58.0,27.0,17.296498,20.774754,D:maj,13.0
126,20.364101925000003,19.905189524,0.0,0.0,22.0,,,,,,20.340551233333336,20.940188075,57.0,59.0,22.0,20.340551233333336,20.99815900833333,57.0,58.0,27.0,17.296498,20.774754,D:maj,13.0
127,20.568811783333334,19.905189524,0.0,0.0,22.0,,,,,,20.340551233333336,20.940188075,57.0,59.0,22.0,20.340551233333336,20.99815900833333,57.0,58.0,27.0,17.296498,20.774754,D:maj,13.0
128,20.774753524,20.774753524,1.0,1.0,23.0,,,,,,20.340551233333336,20.940188075,57.0,59.0,22.0,20.340551233333336,20.99815900833333,57.0,58.0,27.0,17.296498,20.774754,D:maj,13.0
129,20.774754,20.774753524,1.0,1.0,23.0,,,,,,20.340551233333336,20.940188075,57.0,59.0,22.0,20.340551233333336,20.99815900833333,57.0,58.0,27.0,20.774754,24.25301,D:maj,14.0
130,20.77533323333334,20.774753524,1.0,1.0,23.0,,,,,,20.340551233333336,20.940188075,57.0,59.0,22.0,20.77533323333334,21.90395484166667,50.0,82.0,28.0,20.774754,24.25301,D:maj,14.0
131,20.940188075,20.774753524,1.0,1.0,23.0,,,,,,20.340551233333336,20.940188075,57.0,59.0,22.0,20.77533323333334,21.90395484166667,50.0,82.0,28.0,20.774754,24.25301,D:maj,14.0
132,20.99815900833333,20.774753524,1.0,1.0,23.0,,,,,,,,,,,20.77533323333334,21.90395484166667,50.0,82.0,28.0,20.774754,24.25301,D:maj,14.0
133,21.210115233333337,20.774753524,1.0,1.0,23.0,,,,,,,,,,,21.210115233333337,21.72823045,57.0,56.0,29.0,20.774754,24.25301,D:maj,14.0
134,21.27352094166667,20.774753524,1.0,1.0,23.0,,,,,,,,,,,21.210115233333337,21.72823045,57.0,56.0,29.0,20.774754,24.25301,D:maj,14.0
135,21.418448275000003,20.774753524,1.0,1.0,23.0,,,,,,,,,,,21.210115233333337,21.72823045,57.0,56.0,29.0,20.774754,24.25301,D:maj,14.0
136,21.644317524,21.644317524,0.0,0.0,24.0,,,,,,,,,,,21.210115233333337,21.72823045,57.0,56.0,29.0,20.774754,24.25301,D:maj,14.0
137,21.64489723333333,21.644317524,0.0,0.0,24.0,,,,,,21.64489723333333,22.356852758333336,67.0,77.0,23.0,21.64489723333333,22.943808458333336,66.0,65.0,30.0,20.774754,24.25301,D:maj,14.0
138,21.64489723333333,21.644317524,0.0,0.0,24.0,,,,,,21.64489723333333,22.356852758333336,67.0,77.0,23.0,21.64489723333333,23.041634408333337,62.0,66.0,31.0,20.774754,24.25301,D:maj,14.0
139,21.72823045,21.644317524,0.0,0.0,24.0,,,,,,21.64489723333333,22.356852758333336,67.0,77.0,23.0,21.64489723333333,23.041634408333337,62.0,66.0,31.0,20.774754,24.25301,D:maj,14.0
140,21.90395484166667,21.644317524,0.0,0.0,24.0,,,,,,21.64489723333333,22.356852758333336,67.0,77.0,23.0,21.64489723333333,23.041634408333337,62.0,66.0,31.0,20.774754,24.25301,D:maj,14.0
141,22.079679233333337,21.644317524,0.0,0.0,24.0,,,,,,21.64489723333333,22.356852758333336,67.0,77.0,23.0,22.079679233333337,22.38764981666667,50.0,59.0,32.0,20.774754,24.25301,D:maj,14.0
142,22.297070233333336,21.644317524,0.0,0.0,24.0,,,,,,22.297070233333336,23.076054650000003,66.0,81.0,24.0,22.079679233333337,22.38764981666667,50.0,59.0,32.0,20.774754,24.25301,D:maj,14.0
143,22.356852758333336,21.644317524,0.0,0.0,24.0,,,,,,22.297070233333336,23.076054650000003,66.0,81.0,24.0,22.079679233333337,22.38764981666667,50.0,59.0,32.0,20.774754,24.25301,D:maj,14.0
144,22.38764981666667,21.644317524,0.0,0.0,24.0,,,,,,22.297070233333336,23.076054650000003,66.0,81.0,24.0,22.079679233333337,22.38764981666667,50.0,59.0,32.0,20.774754,24.25301,D:maj,14.0
145,22.513881524,22.513881524,1.0,0.0,25.0,,,,,,22.297070233333336,23.076054650000003,66.0,81.0,24.0,,,,,,20.774754,24.25301,D:maj,14.0
146,22.514461233333336,22.513881524,1.0,0.0,25.0,,,,,,22.297070233333336,23.076054650000003,66.0,81.0,24.0,22.514461233333336,24.086922800000004,50.0,72.0,33.0,20.774754,24.25301,D:maj,14.0
147,22.943808458333336,22.513881524,1.0,0.0,25.0,,,,,,22.297070233333336,23.076054650000003,66.0,81.0,24.0,22.514461233333336,24.086922800000004,50.0,72.0,33.0,20.774754,24.25301,D:maj,14.0
148,22.949243233333338,22.513881524,1.0,0.0,25.0,,,,,,22.297070233333336,23.076054650000003,66.0,81.0,24.0,22.949243233333338,23.499967100000003,57.0,69.0,34.0,20.774754,24.25301,D:maj,14.0
149,23.041634408333337,22.513881524,1.0,0.0,25.0,,,,,,22.297070233333336,23.076054650000003,66.0,81.0,24.0,22.949243233333338,23.499967100000003,57.0,69.0,34.0,20.774754,24.25301,D:maj,14.0
150,23.076054650000003,22.513881524,1.0,0.0,25.0,,,,,,22.297070233333336,23.076054650000003,66.0,81.0,24.0,22.949243233333338,23.499967100000003,57.0,69.0,34.0,20.774754,24.25301,D:maj,14.0
151,23.383445524,23.383445524,0.0,0.0,26.0,,,,,,,,,,,22.949243233333338,23.499967100000003,57.0,69.0,34.0,20.774754,24.25301,D:maj,14.0
152,23.384025233333336,23.383445524,0.0,0.0,26.0,,,,,,23.384025233333336,25.55793523333334,64.0,90.0,25.0,23.384025233333336,23.894894083333337,62.0,67.0,35.0,20.774754,24.25301,D:maj,14.0
153,23.384025233333336,23.383445524,0.0,0.0,26.0,,,,,,23.384025233333336,25.55793523333334,64.0,90.0,25.0,23.384025233333336,24.970979533333335,66.0,60.0,36.0,20.774754,24.25301,D:maj,14.0
154,23.499967100000003,23.383445524,0.0,0.0,26.0,,,,,,23.384025233333336,25.55793523333334,64.0,90.0,25.0,23.384025233333336,24.970979533333335,66.0,60.0,36.0,20.774754,24.25301,D:maj,14.0
155,23.818807233333334,23.383445524,0.0,0.0,26.0,,,,,,23.384025233333336,25.55793523333334,64.0,90.0,25.0,23.818807233333334,24.36047314166667,57.0,73.0,37.0,20.774754,24.25301,D:maj,14.0
156,23.894894083333337,23.383445524,0.0,0.0,26.0,,,,,,23.384025233333336,25.55793523333334,64.0,90.0,25.0,23.818807233333334,24.36047314166667,57.0,73.0,37.0,20.774754,24.25301,D:maj,14.0
157,24.036198233333337,23.383445524,0.0,0.0,26.0,,,,,,23.384025233333336,25.55793523333334,64.0,90.0,25.0,24.036198233333337,24.81337105833334,62.0,55.0,38.0,20.774754,24.25301,D:maj,14.0
158,24.086922800000004,23.383445524,0.0,0.0,26.0,,,,,,23.384025233333336,25.55793523333334,64.0,90.0,25.0,24.036198233333337,24.81337105833334,62.0,55.0,38.0,20.774754,24.25301,D:maj,14.0
159,24.253009524,24.253009524,1.0,1.0,27.0,,,,,,23.384025233333336,25.55793523333334,64.0,90.0,25.0,24.036198233333337,24.81337105833334,62.0,55.0,38.0,20.774754,24.25301,D:maj,14.0
160,24.25301,24.253009524,1.0,1.0,27.0,,,,,,23.384025233333336,25.55793523333334,64.0,90.0,25.0,24.036198233333337,24.81337105833334,62.0,55.0,38.0,24.25301,27.731266,D:maj,15.0
161,24.253589233333336,24.253009524,1.0,1.0,27.0,,,,,,23.384025233333336,25.55793523333334,64.0,90.0,25.0,24.253589233333336,25.851413083333338,50.0,72.0,39.0,24.25301,27.731266,D:maj,15.0
162,24.36047314166667,24.253009524,1.0,1.0,27.0,,,,,,23.384025233333336,25.55793523333334,64.0,90.0,25.0,24.253589233333336,25.851413083333338,50.0,72.0,39.0,24.25301,27.731266,D:maj,15.0
163,24.68837123333334,24.253009524,1.0,1.0,27.0,,,,,,23.384025233333336,25.55793523333334,64.0,90.0,25.0,24.68837123333334,25.201051675,57.0,48.0,40.0,24.25301,27.731266,D:maj,15.0
164,24.81337105833334,24.253009524,1.0,1.0,27.0,,,,,,23.384025233333336,25.55793523333334,64.0,90.0,25.0,24.68837123333334,25.201051675,57.0,48.0,40.0,24.25301,27.731266,D:maj,15.0
165,24.970979533333335,24.253009524,1.0,1.0,27.0,,,,,,23.384025233333336,25.55793523333334,64.0,90.0,25.0,24.68837123333334,25.201051675,57.0,48.0,40.0,24.25301,27.731266,D:maj,15.0
166,25.122573524,25.122573524,0.0,0.0,28.0,,,,,,23.384025233333336,25.55793523333334,64.0,90.0,25.0,24.68837123333334,25.201051675,57.0,48.0,40.0,24.25301,27.731266,D:maj,15.0
167,25.123153233333337,25.122573524,0.0,0.0,28.0,,,,,,25.123153233333337,25.82786239166667,67.0,90.0,26.0,25.123153233333337,26.759020508333336,62.0,62.0,41.0,24.25301,27.731266,D:maj,15.0
168,25.123153233333337,25.122573524,0.0,0.0,28.0,,,,,,25.123153233333337,25.82786239166667,67.0,90.0,26.0,25.123153233333337,26.722788675000004,66.0,58.0,42.0,24.25301,27.731266,D:maj,15.0
169,25.201051675,25.122573524,0.0,0.0,28.0,,,,,,25.123153233333337,25.82786239166667,67.0,90.0,26.0,25.123153233333337,26.722788675000004,66.0,58.0,42.0,24.25301,27.731266,D:maj,15.0
170,25.55793523333334,25.122573524,0.0,0.0,28.0,,,,,,25.123153233333337,25.82786239166667,67.0,90.0,26.0,25.55793523333334,26.25177484166667,57.0,54.0,43.0,24.25301,27.731266,D:maj,15.0
171,25.775326233333335,25.122573524,0.0,0.0,28.0,,,,,,25.775326233333335,27.581483125000005,66.0,107.0,27.0,25.55793523333334,26.25177484166667,57.0,54.0,43.0,24.25301,27.731266,D:maj,15.0
172,25.82786239166667,25.122573524,0.0,0.0,28.0,,,,,,25.775326233333335,27.581483125000005,66.0,107.0,27.0,25.55793523333334,26.25177484166667,57.0,54.0,43.0,24.25301,27.731266,D:maj,15.0
173,25.851413083333338,25.122573524,0.0,0.0,28.0,,,,,,25.775326233333335,27.581483125000005,66.0,107.0,27.0,25.55793523333334,26.25177484166667,57.0,54.0,43.0,24.25301,27.731266,D:maj,15.0
174,25.992137524,25.992137524,1.0,0.0,29.0,,,,,,25.775326233333335,27.581483125000005,66.0,107.0,27.0,25.55793523333334,26.25177484166667,57.0,54.0,43.0,24.25301,27.731266,D:maj,15.0
175,25.992717233333337,25.992137524,1.0,0.0,29.0,,,,,,25.775326233333335,27.581483125000005,66.0,107.0,27.0,25.992717233333337,27.59959904166667,50.0,69.0,44.0,24.25301,27.731266,D:maj,15.0
176,26.25177484166667,25.992137524,1.0,0.0,29.0,,,,,,25.775326233333335,27.581483125000005,66.0,107.0,27.0,25.992717233333337,27.59959904166667,50.0,69.0,44.0,24.25301,27.731266,D:maj,15.0
177,26.427499233333336,25.992137524,1.0,0.0,29.0,,,,,,25.775326233333335,27.581483125000005,66.0,107.0,27.0,26.427499233333336,27.66300475000001,57.0,49.0,45.0,24.25301,27.731266,D:maj,15.0
178,26.722788675000004,25.992137524,1.0,0.0,29.0,,,,,,25.775326233333335,27.581483125000005,66.0,107.0,27.0,26.427499233333336,27.66300475000001,57.0,49.0,45.0,24.25301,27.731266,D:maj,15.0
179,26.759020508333336,25.992137524,1.0,0.0,29.0,,,,,,25.775326233333335,27.581483125000005,66.0,107.0,27.0,26.427499233333336,27.66300475000001,57.0,49.0,45.0,24.25301,27.731266,D:maj,15.0
180,26.861701524,26.861701524,0.0,0.0,30.0,,,,,,25.775326233333335,27.581483125000005,66.0,107.0,27.0,26.427499233333336,27.66300475000001,57.0,49.0,45.0,24.25301,27.731266,D:maj,15.0
181,26.862281233333334,26.861701524,0.0,0.0,30.0,,,,,,25.775326233333335,27.581483125000005,66.0,107.0,27.0,26.862281233333334,26.994527425000005,62.0,27.0,46.0,24.25301,27.731266,D:maj,15.0
182,26.994527425000005,26.861701524,0.0,0.0,30.0,,,,,,25.775326233333335,27.581483125000005,66.0,107.0,27.0,26.862281233333334,26.994527425000005,62.0,27.0,46.0,24.25301,27.731266,D:maj,15.0
183,27.297063233333336,26.861701524,0.0,0.0,30.0,27.297063233333336,27.69199021666667,57.0,72.0,0.0,25.775326233333335,27.581483125000005,66.0,107.0,27.0,,,,,,24.25301,27.731266,D:maj,15.0
184,27.581483125000005,26.861701524,0.0,0.0,30.0,27.297063233333336,27.69199021666667,57.0,72.0,0.0,25.775326233333335,27.581483125000005,66.0,107.0,27.0,,,,,,24.25301,27.731266,D:maj,15.0
185,27.59959904166667,26.861701524,0.0,0.0,30.0,27.297063233333336,27.69199021666667,57.0,72.0,0.0,,,,,,,,,,,24.25301,27.731266,D:maj,15.0
186,27.66300475000001,26.861701524,0.0,0.0,30.0,27.297063233333336,27.69199021666667,57.0,72.0,0.0,,,,,,,,,,,24.25301,27.731266,D:maj,15.0
187,27.69199021666667,26.861701524,0.0,0.0,30.0,27.297063233333336,27.69199021666667,57.0,72.0,0.0,,,,,,,,,,,24.25301,27.731266,D:maj,15.0
188,27.731265524,27.731265524,1.0,1.0,31.0,,,,,,,,,,,,,,,,24.25301,27.731266,D:maj,15.0
189,27.731266,27.731265524,1.0,1.0,31.0,,,,,,,,,,,,,,,,27.731266,31.209522,D:maj,16.0
190,27.73184523333334,27.731265524,1.0,1.0,31.0,27.73184523333334,28.12677221666667,64.0,79.0,1.0,,,,,,27.73184523333334,28.797061133333337,38.0,74.0,47.0,27.731266,31.209522,D:maj,16.0
191,28.12677221666667,27.731265524,1.0,1.0,31.0,27.73184523333334,28.12677221666667,64.0,79.0,1.0,,,,,,27.73184523333334,28.797061133333337,38.0,74.0,47.0,27.731266,31.209522,D:maj,16.0
192,28.166627233333337,27.731265524,1.0,1.0,31.0,28.166627233333337,28.307931383333337,66.0,97.0,2.0,,,,,,28.166627233333337,29.197422891666672,45.0,53.0,48.0,27.731266,31.209522,D:maj,16.0
193,28.307931383333337,27.731265524,1.0,1.0,31.0,28.166627233333337,28.307931383333337,66.0,97.0,2.0,,,,,,28.166627233333337,29.197422891666672,45.0,53.0,48.0,27.731266,31.209522,D:maj,16.0
194,28.38401823333334,27.731265524,1.0,1.0,31.0,28.38401823333334,28.91662618333334,66.0,96.0,3.0,,,,,,28.166627233333337,29.197422891666672,45.0,53.0,48.0,27.731266,31.209522,D:maj,16.0
195,28.600829524,28.600829524,0.0,0.0,32.0,28.38401823333334,28.91662618333334,66.0,96.0,3.0,,,,,,28.166627233333337,29.197422891666672,45.0,53.0,48.0,27.731266,31.209522,D:maj,16.0
196,28.60140923333334,28.600829524,0.0,0.0,32.0,28.38401823333334,28.91662618333334,66.0,96.0,3.0,,,,,,28.60140923333334,30.23003014166667,62.0,78.0,49.0,27.731266,31.209522,D:maj,16.0
197,28.60140923333334,28.600829524,0.0,0.0,32.0,28.38401823333334,28.91662618333334,66.0,96.0,3.0,,,,,,28.60140923333334,30.23003014166667,66.0,93.0,50.0,27.731266,31.209522,D:maj,16.0
198,28.60140923333334,28.600829524,0.0,0.0,32.0,28.38401823333334,28.91662618333334,66.0,96.0,3.0,,,,,,28.60140923333334,28.94017687500001,50.0,55.0,51.0,27.731266,31.209522,D:maj,16.0
199,28.797061133333337,28.600829524,0.0,0.0,32.0,28.38401823333334,28.91662618333334,66.0,96.0,3.0,,,,,,28.60140923333334,28.94017687500001,50.0,55.0,51.0,27.731266,31.209522,D:maj,16.0
200,28.91662618333334,28.600829524,0.0,0.0,32.0,28.38401823333334,28.91662618333334,66.0,96.0,3.0,,,,,,28.60140923333334,28.94017687500001,50.0,55.0,51.0,27.731266,31.209522,D:maj,16.0
201,28.94017687500001,28.600829524,0.0,0.0,32.0,,,,,,,,,,,28.60140923333334,28.94017687500001,50.0,55.0,51.0,27.731266,31.209522,D:maj,16.0
202,29.036191233333337,28.600829524,0.0,0.0,32.0,29.036191233333337,29.324234308333335,64.0,92.0,4.0,,,,,,29.036191233333337,29.30430680000001,38.0,41.0,52.0,27.731266,31.209522,D:maj,16.0
203,29.197422891666672,28.600829524,0.0,0.0,32.0,29.036191233333337,29.324234308333335,64.0,92.0,4.0,,,,,,29.036191233333337,29.30430680000001,38.0,41.0,52.0,27.731266,31.209522,D:maj,16.0
204,29.253582233333336,28.600829524,0.0,0.0,32.0,29.253582233333336,29.71191492500001,66.0,112.0,5.0,,,,,,29.036191233333337,29.30430680000001,38.0,41.0,52.0,27.731266,31.209522,D:maj,16.0
205,29.30430680000001,28.600829524,0.0,0.0,32.0,29.253582233333336,29.71191492500001,66.0,112.0,5.0,,,,,,29.036191233333337,29.30430680000001,38.0,41.0,52.0,27.731266,31.209522,D:maj,16.0
206,29.324234308333335,28.600829524,0.0,0.0,32.0,29.253582233333336,29.71191492500001,66.0,112.0,5.0,,,,,,,,,,,27.731266,31.209522,D:maj,16.0
207,29.470393524,29.470393524,1.0,0.0,33.0,29.253582233333336,29.71191492500001,66.0,112.0,5.0,,,,,,,,,,,27.731266,31.209522,D:maj,16.0
208,29.47097323333334,29.470393524,1.0,0.0,33.0,29.253582233333336,29.71191492500001,66.0,112.0,5.0,,,,,,29.47097323333334,30.632203491666672,38.0,76.0,53.0,27.731266,31.209522,D:maj,16.0
209,29.68836423333334,29.470393524,1.0,0.0,33.0,29.68836423333334,29.969160941666672,64.0,83.0,6.0,,,,,,29.47097323333334,30.632203491666672,38.0,76.0,53.0,27.731266,31.209522,D:maj,16.0
210,29.71191492500001,29.470393524,1.0,0.0,33.0,29.68836423333334,29.969160941666672,64.0,83.0,6.0,,,,,,29.47097323333334,30.632203491666672,38.0,76.0,53.0,27.731266,31.209522,D:maj,16.0
211,29.905755233333338,29.470393524,1.0,0.0,33.0,29.68836423333334,29.969160941666672,64.0,83.0,6.0,,,,,,29.905755233333338,30.664812141666676,45.0,48.0,54.0,27.731266,31.209522,D:maj,16.0
212,29.969160941666672,29.470393524,1.0,0.0,33.0,29.68836423333334,29.969160941666672,64.0,83.0,6.0,,,,,,29.905755233333338,30.664812141666676,45.0,48.0,54.0,27.731266,31.209522,D:maj,16.0
213,30.123146233333337,29.470393524,1.0,0.0,33.0,30.123146233333337,30.75539172500001,57.0,92.0,7.0,,,,,,29.905755233333338,30.664812141666676,45.0,48.0,54.0,27.731266,31.209522,D:maj,16.0
214,30.23003014166667,29.470393524,1.0,0.0,33.0,30.123146233333337,30.75539172500001,57.0,92.0,7.0,,,,,,29.905755233333338,30.664812141666676,45.0,48.0,54.0,27.731266,31.209522,D:maj,16.0
215,30.339957524000003,30.339957524000003,0.0,0.0,34.0,30.123146233333337,30.75539172500001,57.0,92.0,7.0,,,,,,29.905755233333338,30.664812141666676,45.0,48.0,54.0,27.731266,31.209522,D:maj,16.0
216,30.34053723333334,30.339957524000003,0.0,0.0,34.0,30.123146233333337,30.75539172500001,57.0,92.0,7.0,,,,,,30.34053723333334,30.898507466666672,50.0,61.0,55.0,27.731266,31.209522,D:maj,16.0
217,30.34053723333334,30.339957524000003,0.0,0.0,34.0,30.123146233333337,30.75539172500001,57.0,92.0,7.0,,,,,,30.34053723333334,31.423869050000004,66.0,89.0,56.0,27.731266,31.209522,D:maj,16.0
218,30.632203491666672,30.339957524000003,0.0,0.0,34.0,30.123146233333337,30.75539172500001,57.0,92.0,7.0,,,,,,30.34053723333334,31.423869050000004,66.0,89.0,56.0,27.731266,31.209522,D:maj,16.0
219,30.664812141666676,30.339957524000003,0.0,0.0,34.0,30.123146233333337,30.75539172500001,57.0,92.0,7.0,,,,,,30.34053723333334,31.423869050000004,66.0,89.0,56.0,27.731266,31.209522,D:maj,16.0
220,30.75539172500001,30.339957524000003,0.0,0.0,34.0,30.123146233333337,30.75539172500001,57.0,92.0,7.0,,,,,,30.34053723333334,31.423869050000004,66.0,89.0,56.0,27.731266,31.209522,D:maj,16.0
221,30.775319233333335,30.339957524000003,0.0,0.0,34.0,,,,,,,,,,,30.775319233333335,31.24452147500001,57.0,76.0,57.0,27.731266,31.209522,D:maj,16.0
222,30.898507466666672,30.339957524000003,0.0,0.0,34.0,,,,,,,,,,,30.775319233333335,31.24452147500001,57.0,76.0,57.0,27.731266,31.209522,D:maj,16.0
223,30.992710233333337,30.339957524000003,0.0,0.0,34.0,30.992710233333337,31.18111576666667,54.0,79.0,8.0,,,,,,30.775319233333335,31.24452147500001,57.0,76.0,57.0,27.731266,31.209522,D:maj,16.0
224,31.18111576666667,30.339957524000003,0.0,0.0,34.0,30.992710233333337,31.18111576666667,54.0,79.0,8.0,,,,,,30.775319233333335,31.24452147500001,57.0,76.0,57.0,27.731266,31.209522,D:maj,16.0
225,31.209521524000003,31.209521524000003,1.0,1.0,35.0,,,,,,,,,,,30.775319233333335,31.24452147500001,57.0,76.0,57.0,27.731266,31.209522,D:maj,16.0
226,31.209522,31.209521524000003,1.0,1.0,35.0,,,,,,,,,,,30.775319233333335,31.24452147500001,57.0,76.0,57.0,31.209522,34.687778,B:min,17.0
227,31.210101233333337,31.209521524000003,1.0,1.0,35.0,31.210101233333337,31.639448458333337,61.0,81.0,9.0,,,,,,31.210101233333337,32.364085125,47.0,68.0,58.0,31.209522,34.687778,B:min,17.0
228,31.24452147500001,31.209521524000003,1.0,1.0,35.0,31.210101233333337,31.639448458333337,61.0,81.0,9.0,,,,,,31.210101233333337,32.364085125,47.0,68.0,58.0,31.209522,34.687778,B:min,17.0
229,31.423869050000004,31.209521524000003,1.0,1.0,35.0,31.210101233333337,31.639448458333337,61.0,81.0,9.0,,,,,,31.210101233333337,32.364085125,47.0,68.0,58.0,31.209522,34.687778,B:min,17.0
230,31.639448458333337,31.209521524000003,1.0,1.0,35.0,31.210101233333337,31.639448458333337,61.0,81.0,9.0,,,,,,31.210101233333337,32.364085125,47.0,68.0,58.0,31.209522,34.687778,B:min,17.0
231,31.64488323333334,31.209521524000003,1.0,1.0,35.0,31.64488323333334,31.79524534166667,62.0,69.0,10.0,,,,,,31.64488323333334,32.518070416666674,54.0,53.0,59.0,31.209522,34.687778,B:min,17.0
232,31.79524534166667,31.209521524000003,1.0,1.0,35.0,31.64488323333334,31.79524534166667,62.0,69.0,10.0,,,,,,31.64488323333334,32.518070416666674,54.0,53.0,59.0,31.209522,34.687778,B:min,17.0
233,31.862274233333338,31.209521524000003,1.0,1.0,35.0,31.862274233333338,32.41843287500001,62.0,82.0,11.0,,,,,,31.64488323333334,32.518070416666674,54.0,53.0,59.0,31.209522,34.687778,B:min,17.0
234,32.079085524,32.079085524,0.0,0.0,36.0,31.862274233333338,32.41843287500001,62.0,82.0,11.0,,,,,,31.64488323333334,32.518070416666674,54.0,53.0,59.0,31.209522,34.687778,B:min,17.0
235,32.07966523333334,32.079085524,0.0,0.0,36.0,31.862274233333338,32.41843287500001,62.0,82.0,11.0,,,,,,32.07966523333334,33.431112616666674,59.0,30.0,60.0,31.209522,34.687778,B:min,17.0
236,32.07966523333334,32.079085524,0.0,0.0,36.0,31.862274233333338,32.41843287500001,62.0,82.0,11.0,,,,,,32.07966523333334,33.440170575,66.0,88.0,61.0,31.209522,34.687778,B:min,17.0
237,32.07966523333334,32.079085524,0.0,0.0,36.0,31.862274233333338,32.41843287500001,62.0,82.0,11.0,,,,,,32.07966523333334,33.41299670000001,62.0,67.0,62.0,31.209522,34.687778,B:min,17.0
238,32.364085125,32.079085524,0.0,0.0,36.0,31.862274233333338,32.41843287500001,62.0,82.0,11.0,,,,,,32.07966523333334,33.41299670000001,62.0,67.0,62.0,31.209522,34.687778,B:min,17.0
239,32.41843287500001,32.079085524,0.0,0.0,36.0,31.862274233333338,32.41843287500001,62.0,82.0,11.0,,,,,,32.07966523333334,33.41299670000001,62.0,67.0,62.0,31.209522,34.687778,B:min,17.0
240,32.514447233333335,32.079085524,0.0,0.0,36.0,32.514447233333335,32.800678716666674,61.0,95.0,12.0,,,,,,32.514447233333335,32.800678716666674,47.0,63.0,63.0,31.209522,34.687778,B:min,17.0
241,32.518070416666674,32.079085524,0.0,0.0,36.0,32.514447233333335,32.800678716666674,61.0,95.0,12.0,,,,,,32.514447233333335,32.800678716666674,47.0,63.0,63.0,31.209522,34.687778,B:min,17.0
242,32.73183823333334,32.079085524,0.0,0.0,36.0,32.73183823333334,33.287996875000005,62.0,93.0,13.0,,,,,,32.514447233333335,32.800678716666674,47.0,63.0,63.0,31.209522,34.687778,B:min,17.0
243,32.800678716666674,32.079085524,0.0,0.0,36.0,32.73183823333334,33.287996875000005,62.0,93.0,13.0,,,,,,32.514447233333335,32.800678716666674,47.0,63.0,63.0,31.209522,34.687778,B:min,17.0
244,32.948649524000004,32.948649524000004,1.0,0.0,37.0,32.73183823333334,33.287996875000005,62.0,93.0,13.0,,,,,,,,,,,31.209522,34.687778,B:min,17.0
245,32.94922923333334,32.948649524000004,1.0,0.0,37.0,32.73183823333334,33.287996875000005,62.0,93.0,13.0,,,,,,32.94922923333334,34.168430425000004,47.0,72.0,64.0,31.209522,34.687778,B:min,17.0
246,33.16662023333334,32.948649524000004,1.0,0.0,37.0,33.16662023333334,33.574228358333336,61.0,107.0,14.0,,,,,,32.94922923333334,34.168430425000004,47.0,72.0,64.0,31.209522,34.687778,B:min,17.0
247,33.287996875000005,32.948649524000004,1.0,0.0,37.0,33.16662023333334,33.574228358333336,61.0,107.0,14.0,,,,,,32.94922923333334,34.168430425000004,47.0,72.0,64.0,31.209522,34.687778,B:min,17.0
248,33.38401123333334,32.948649524000004,1.0,0.0,37.0,33.16662023333334,33.574228358333336,61.0,107.0,14.0,,,,,,33.38401123333334,34.045242191666674,54.0,66.0,65.0,31.209522,34.687778,B:min,17.0
249,33.41299670000001,32.948649524000004,1.0,0.0,37.0,33.16662023333334,33.574228358333336,61.0,107.0,14.0,,,,,,33.38401123333334,34.045242191666674,54.0,66.0,65.0,31.209522,34.687778,B:min,17.0
250,33.431112616666674,32.948649524000004,1.0,0.0,37.0,33.16662023333334,33.574228358333336,61.0,107.0,14.0,,,,,,33.38401123333334,34.045242191666674,54.0,66.0,65.0,31.209522,34.687778,B:min,17.0
251,33.440170575,32.948649524000004,1.0,0.0,37.0,33.16662023333334,33.574228358333336,61.0,107.0,14.0,,,,,,33.38401123333334,34.045242191666674,54.0,66.0,65.0,31.209522,34.687778,B:min,17.0
252,33.574228358333336,32.948649524000004,1.0,0.0,37.0,33.16662023333334,33.574228358333336,61.0,107.0,14.0,,,,,,33.38401123333334,34.045242191666674,54.0,66.0,65.0,31.209522,34.687778,B:min,17.0
253,33.60140223333334,32.948649524000004,1.0,0.0,37.0,33.60140223333334,34.19560430000001,54.0,83.0,15.0,,,,,,33.38401123333334,34.045242191666674,54.0,66.0,65.0,31.209522,34.687778,B:min,17.0
254,33.818213524,33.818213524,0.0,0.0,38.0,33.60140223333334,34.19560430000001,54.0,83.0,15.0,,,,,,33.38401123333334,34.045242191666674,54.0,66.0,65.0,31.209522,34.687778,B:min,17.0
255,33.81879323333334,33.818213524,0.0,0.0,38.0,33.60140223333334,34.19560430000001,54.0,83.0,15.0,,,,,,33.81879323333334,34.429299625000006,66.0,99.0,66.0,31.209522,34.687778,B:min,17.0
256,34.045242191666674,33.818213524,0.0,0.0,38.0,33.60140223333334,34.19560430000001,54.0,83.0,15.0,,,,,,33.81879323333334,34.429299625000006,66.0,99.0,66.0,31.209522,34.687778,B:min,17.0
257,34.168430425000004,33.818213524,0.0,0.0,38.0,33.60140223333334,34.19560430000001,54.0,83.0,15.0,,,,,,33.81879323333334,34.429299625000006,66.0,99.0,66.0,31.209522,34.687778,B:min,17.0
258,34.19560430000001,33.818213524,0.0,0.0,38.0,33.60140223333334,34.19560430000001,54.0,83.0,15.0,,,,,,33.81879323333334,34.429299625000006,66.0,99.0,66.0,31.209522,34.687778,B:min,17.0
259,34.253575233333336,33.818213524,0.0,0.0,38.0,,,,,,,,,,,34.253575233333336,34.68835723333334,59.0,72.0,67.0,31.209522,34.687778,B:min,17.0
260,34.429299625000006,33.818213524,0.0,0.0,38.0,,,,,,,,,,,34.253575233333336,34.68835723333334,59.0,72.0,67.0,31.209522,34.687778,B:min,17.0
261,34.470966233333336,33.818213524,0.0,0.0,38.0,34.470966233333336,34.67024131666667,54.0,92.0,16.0,,,,,,34.253575233333336,34.68835723333334,59.0,72.0,67.0,31.209522,34.687778,B:min,17.0
262,34.67024131666667,33.818213524,0.0,0.0,38.0,34.470966233333336,34.67024131666667,54.0,92.0,16.0,,,,,,34.253575233333336,34.68835723333334,59.0,72.0,67.0,31.209522,34.687778,B:min,17.0
263,34.687777524000005,34.687777524000005,1.0,1.0,39.0,,,,,,,,,,,34.253575233333336,34.68835723333334,59.0,72.0,67.0,31.209522,34.687778,B:min,17.0
264,34.687778,34.687777524000005,1.0,1.0,39.0,,,,,,,,,,,34.253575233333336,34.68835723333334,59.0,72.0,67.0,34.687778,38.166034,C:maj,18.0
265,34.68835723333334,34.687777524000005,1.0,1.0,39.0,34.68835723333334,35.05429875000001,66.0,96.0,17.0,,,,,,34.68835723333334,35.771689050000006,36.0,85.0,68.0,34.687778,38.166034,C:maj,18.0
266,35.05429875000001,34.687777524000005,1.0,1.0,39.0,34.68835723333334,35.05429875000001,66.0,96.0,17.0,,,,,,34.68835723333334,35.771689050000006,36.0,85.0,68.0,34.687778,38.166034,C:maj,18.0
267,35.12313923333334,34.687777524000005,1.0,1.0,39.0,35.12313923333334,35.23726950833334,67.0,90.0,18.0,,,,,,35.12313923333334,35.994514825,43.0,43.0,69.0,34.687778,38.166034,C:maj,18.0
268,35.23726950833334,34.687777524000005,1.0,1.0,39.0,35.12313923333334,35.23726950833334,67.0,90.0,18.0,,,,,,35.12313923333334,35.994514825,43.0,43.0,69.0,34.687778,38.166034,C:maj,18.0
269,35.34053023333334,34.687777524000005,1.0,1.0,39.0,35.34053023333334,35.95828299166667,67.0,95.0,19.0,,,,,,35.12313923333334,35.994514825,43.0,43.0,69.0,34.687778,38.166034,C:maj,18.0
270,35.557341524,35.557341524,0.0,0.0,40.0,35.34053023333334,35.95828299166667,67.0,95.0,19.0,,,,,,35.12313923333334,35.994514825,43.0,43.0,69.0,34.687778,38.166034,C:maj,18.0
271,35.55792123333334,35.557341524,0.0,0.0,40.0,35.34053023333334,35.95828299166667,67.0,95.0,19.0,,,,,,35.55792123333334,36.71552830833334,55.0,26.0,70.0,34.687778,38.166034,C:maj,18.0
272,35.55792123333334,35.557341524,0.0,0.0,40.0,35.34053023333334,35.95828299166667,67.0,95.0,19.0,,,,,,35.55792123333334,36.96552795833334,64.0,77.0,71.0,34.687778,38.166034,C:maj,18.0
273,35.771689050000006,35.557341524,0.0,0.0,40.0,35.34053023333334,35.95828299166667,67.0,95.0,19.0,,,,,,35.55792123333334,36.96552795833334,64.0,77.0,71.0,34.687778,38.166034,C:maj,18.0
274,35.95828299166667,35.557341524,0.0,0.0,40.0,35.34053023333334,35.95828299166667,67.0,95.0,19.0,,,,,,35.55792123333334,36.96552795833334,64.0,77.0,71.0,34.687778,38.166034,C:maj,18.0
275,35.99270323333334,35.557341524,0.0,0.0,40.0,35.99270323333334,36.086906000000006,66.0,95.0,20.0,,,,,,35.99270323333334,36.28618108333334,36.0,65.0,72.0,34.687778,38.166034,C:maj,18.0
276,35.994514825,35.557341524,0.0,0.0,40.0,35.99270323333334,36.086906000000006,66.0,95.0,20.0,,,,,,35.99270323333334,36.28618108333334,36.0,65.0,72.0,34.687778,38.166034,C:maj,18.0
277,36.086906000000006,35.557341524,0.0,0.0,40.0,35.99270323333334,36.086906000000006,66.0,95.0,20.0,,,,,,35.99270323333334,36.28618108333334,36.0,65.0,72.0,34.687778,38.166034,C:maj,18.0
278,36.210094233333336,35.557341524,0.0,0.0,40.0,36.210094233333336,36.63038350000001,67.0,88.0,21.0,,,,,,35.99270323333334,36.28618108333334,36.0,65.0,72.0,34.687778,38.166034,C:maj,18.0
279,36.28618108333334,35.557341524,0.0,0.0,40.0,36.210094233333336,36.63038350000001,67.0,88.0,21.0,,,,,,35.99270323333334,36.28618108333334,36.0,65.0,72.0,34.687778,38.166034,C:maj,18.0
280,36.426905524000006,36.426905524000006,1.0,0.0,41.0,36.210094233333336,36.63038350000001,67.0,88.0,21.0,,,,,,,,,,,34.687778,38.166034,C:maj,18.0
281,36.427485233333336,36.426905524000006,1.0,0.0,41.0,36.210094233333336,36.63038350000001,67.0,88.0,21.0,,,,,,36.427485233333336,37.46915044166667,36.0,63.0,73.0,34.687778,38.166034,C:maj,18.0
282,36.63038350000001,36.426905524000006,1.0,0.0,41.0,36.210094233333336,36.63038350000001,67.0,88.0,21.0,,,,,,36.427485233333336,37.46915044166667,36.0,63.0,73.0,34.687778,38.166034,C:maj,18.0
283,36.71552830833334,36.426905524000006,1.0,0.0,41.0,,,,,,,,,,,36.427485233333336,37.46915044166667,36.0,63.0,73.0,34.687778,38.166034,C:maj,18.0
284,36.86226723333334,36.426905524000006,1.0,0.0,41.0,36.86226723333334,37.14125235000001,66.0,93.0,22.0,,,,,,36.86226723333334,37.37494767500001,55.0,74.0,74.0,34.687778,38.166034,C:maj,18.0
285,36.96552795833334,36.426905524000006,1.0,0.0,41.0,36.86226723333334,37.14125235000001,66.0,93.0,22.0,,,,,,36.86226723333334,37.37494767500001,55.0,74.0,74.0,34.687778,38.166034,C:maj,18.0
286,37.14125235000001,36.426905524000006,1.0,0.0,41.0,36.86226723333334,37.14125235000001,66.0,93.0,22.0,,,,,,36.86226723333334,37.37494767500001,55.0,74.0,74.0,34.687778,38.166034,C:maj,18.0
287,37.296469524,37.296469524,0.0,0.0,42.0,,,,,,,,,,,36.86226723333334,37.37494767500001,55.0,74.0,74.0,34.687778,38.166034,C:maj,18.0
288,37.29704923333334,37.296469524,0.0,0.0,42.0,37.29704923333334,37.65393279166667,59.0,89.0,23.0,,,,,,37.29704923333334,38.15936686666667,60.0,75.0,75.0,34.687778,38.166034,C:maj,18.0
289,37.29704923333334,37.296469524,0.0,0.0,42.0,37.29704923333334,37.65393279166667,59.0,89.0,23.0,,,,,,37.29704923333334,38.34596080833334,64.0,83.0,76.0,34.687778,38.166034,C:maj,18.0
290,37.37494767500001,37.296469524,0.0,0.0,42.0,37.29704923333334,37.65393279166667,59.0,89.0,23.0,,,,,,37.29704923333334,38.34596080833334,64.0,83.0,76.0,34.687778,38.166034,C:maj,18.0
291,37.46915044166667,37.296469524,0.0,0.0,42.0,37.29704923333334,37.65393279166667,59.0,89.0,23.0,,,,,,37.29704923333334,38.34596080833334,64.0,83.0,76.0,34.687778,38.166034,C:maj,18.0
292,37.65393279166667,37.296469524,0.0,0.0,42.0,37.29704923333334,37.65393279166667,59.0,89.0,23.0,,,,,,37.29704923333334,38.34596080833334,64.0,83.0,76.0,34.687778,38.166034,C:maj,18.0
293,37.73183123333334,37.296469524,0.0,0.0,42.0,37.73183123333334,37.95646860000001,62.0,95.0,24.0,,,,,,37.73183123333334,38.168424825,55.0,73.0,77.0,34.687778,38.166034,C:maj,18.0
294,37.95646860000001,37.296469524,0.0,0.0,42.0,37.73183123333334,37.95646860000001,62.0,95.0,24.0,,,,,,37.73183123333334,38.168424825,55.0,73.0,77.0,34.687778,38.166034,C:maj,18.0
295,38.15936686666667,37.296469524,0.0,0.0,42.0,,,,,,,,,,,37.73183123333334,38.168424825,55.0,73.0,77.0,34.687778,38.166034,C:maj,18.0
296,38.166033524,38.166033524,1.0,1.0,43.0,,,,,,,,,,,37.73183123333334,38.168424825,55.0,73.0,77.0,34.687778,38.166034,C:maj,18.0
297,38.166034,38.166033524,1.0,1.0,43.0,,,,,,,,,,,37.73183123333334,38.168424825,55.0,73.0,77.0,38.166034,41.64429,A:maj,19.0
298,38.16661323333334,38.166033524,1.0,1.0,43.0,38.16661323333334,38.342337625000006,62.0,99.0,25.0,,,,,,38.16661323333334,39.255379825000006,45.0,79.0,78.0,38.166034,41.64429,A:maj,19.0
299,38.168424825,38.166033524,1.0,1.0,43.0,38.16661323333334,38.342337625000006,62.0,99.0,25.0,,,,,,38.16661323333334,39.255379825000006,45.0,79.0,78.0,38.166034,41.64429,A:maj,19.0
300,38.342337625000006,38.166033524,1.0,1.0,43.0,38.16661323333334,38.342337625000006,62.0,99.0,25.0,,,,,,38.16661323333334,39.255379825000006,45.0,79.0,78.0,38.166034,41.64429,A:maj,19.0
301,38.34596080833334,38.166033524,1.0,1.0,43.0,,,,,,,,,,,38.16661323333334,39.255379825000006,45.0,79.0,78.0,38.166034,41.64429,A:maj,19.0
302,38.60139523333334,38.166033524,1.0,1.0,43.0,38.60139523333334,38.690163225000006,62.0,89.0,26.0,,,,,,38.60139523333334,39.36407532500001,52.0,82.0,79.0,38.166034,41.64429,A:maj,19.0
303,38.690163225000006,38.166033524,1.0,1.0,43.0,38.60139523333334,38.690163225000006,62.0,89.0,26.0,,,,,,38.60139523333334,39.36407532500001,52.0,82.0,79.0,38.166034,41.64429,A:maj,19.0
304,38.81878623333334,38.166033524,1.0,1.0,43.0,38.81878623333334,38.93472810000001,62.0,90.0,27.0,,,,,,38.60139523333334,39.36407532500001,52.0,82.0,79.0,38.166034,41.64429,A:maj,19.0
305,38.93472810000001,38.166033524,1.0,1.0,43.0,38.81878623333334,38.93472810000001,62.0,90.0,27.0,,,,,,38.60139523333334,39.36407532500001,52.0,82.0,79.0,38.166034,41.64429,A:maj,19.0
306,39.035597524,39.035597524,0.0,0.0,44.0,,,,,,,,,,,38.60139523333334,39.36407532500001,52.0,82.0,79.0,38.166034,41.64429,A:maj,19.0
307,39.03617723333334,39.035597524,0.0,0.0,44.0,,,,,,,,,,,39.03617723333334,40.28979866666667,61.0,75.0,80.0,38.166034,41.64429,A:maj,19.0
308,39.03617723333334,39.035597524,0.0,0.0,44.0,,,,,,,,,,,39.03617723333334,40.074219258333336,57.0,67.0,81.0,38.166034,41.64429,A:maj,19.0
309,39.03617723333334,39.035597524,0.0,0.0,44.0,,,,,,,,,,,39.03617723333334,40.418421675000005,64.0,72.0,82.0,38.166034,41.64429,A:maj,19.0
310,39.25356823333334,39.035597524,0.0,0.0,44.0,39.25356823333334,39.336901450000006,64.0,90.0,28.0,,,,,,39.03617723333334,40.418421675000005,64.0,72.0,82.0,38.166034,41.64429,A:maj,19.0
311,39.255379825000006,39.035597524,0.0,0.0,44.0,39.25356823333334,39.336901450000006,64.0,90.0,28.0,,,,,,39.03617723333334,40.418421675000005,64.0,72.0,82.0,38.166034,41.64429,A:maj,19.0
312,39.336901450000006,39.035597524,0.0,0.0,44.0,39.25356823333334,39.336901450000006,64.0,90.0,28.0,,,,,,39.03617723333334,40.418421675000005,64.0,72.0,82.0,38.166034,41.64429,A:maj,19.0
313,39.36407532500001,39.035597524,0.0,0.0,44.0,,,,,,,,,,,39.03617723333334,40.418421675000005,64.0,72.0,82.0,38.166034,41.64429,A:maj,19.0
314,39.47095923333334,39.035597524,0.0,0.0,44.0,39.47095923333334,39.90574123333334,66.0,100.0,29.0,,,,,,39.47095923333334,39.77711822500001,45.0,73.0,83.0,38.166034,41.64429,A:maj,19.0
315,39.77711822500001,39.035597524,0.0,0.0,44.0,39.47095923333334,39.90574123333334,66.0,100.0,29.0,,,,,,39.47095923333334,39.77711822500001,45.0,73.0,83.0,38.166034,41.64429,A:maj,19.0
316,39.905161524,39.905161524,1.0,0.0,45.0,39.47095923333334,39.90574123333334,66.0,100.0,29.0,,,,,,,,,,,38.166034,41.64429,A:maj,19.0
317,39.90574123333334,39.905161524,1.0,0.0,45.0,39.90574123333334,40.82421820833334,64.0,92.0,30.0,,,,,,39.90574123333334,41.211898825000006,45.0,89.0,84.0,38.166034,41.64429,A:maj,19.0
318,40.074219258333336,39.905161524,1.0,0.0,45.0,39.90574123333334,40.82421820833334,64.0,92.0,30.0,,,,,,39.90574123333334,41.211898825000006,45.0,89.0,84.0,38.166034,41.64429,A:maj,19.0
319,40.28979866666667,39.905161524,1.0,0.0,45.0,39.90574123333334,40.82421820833334,64.0,92.0,30.0,,,,,,39.90574123333334,41.211898825000006,45.0,89.0,84.0,38.166034,41.64429,A:maj,19.0
320,40.34052323333334,39.905161524,1.0,0.0,45.0,39.90574123333334,40.82421820833334,64.0,92.0,30.0,,,,,,40.34052323333334,40.89487028333334,52.0,53.0,85.0,38.166034,41.64429,A:maj,19.0
321,40.418421675000005,39.905161524,1.0,0.0,45.0,39.90574123333334,40.82421820833334,64.0,92.0,30.0,,,,,,40.34052323333334,40.89487028333334,52.0,53.0,85.0,38.166034,41.64429,A:maj,19.0
322,40.55791423333334,39.905161524,1.0,0.0,45.0,39.90574123333334,40.82421820833334,64.0,92.0,30.0,,,,,,40.55791423333334,40.98182668333334,57.0,82.0,86.0,38.166034,41.64429,A:maj,19.0
323,40.774725524,40.774725524,0.0,0.0,46.0,39.90574123333334,40.82421820833334,64.0,92.0,30.0,,,,,,40.55791423333334,40.98182668333334,57.0,82.0,86.0,38.166034,41.64429,A:maj,19.0
324,40.77530523333334,40.774725524,0.0,0.0,46.0,39.90574123333334,40.82421820833334,64.0,92.0,30.0,,,,,,40.77530523333334,41.65211560000001,64.0,102.0,87.0,38.166034,41.64429,A:maj,19.0
325,40.82421820833334,40.774725524,0.0,0.0,46.0,39.90574123333334,40.82421820833334,64.0,92.0,30.0,,,,,,40.77530523333334,41.65211560000001,64.0,102.0,87.0,38.166034,41.64429,A:maj,19.0
326,40.89487028333334,40.774725524,0.0,0.0,46.0,,,,,,,,,,,40.77530523333334,41.65211560000001,64.0,102.0,87.0,38.166034,41.64429,A:maj,19.0
327,40.98182668333334,40.774725524,0.0,0.0,46.0,,,,,,,,,,,40.77530523333334,41.65211560000001,64.0,102.0,87.0,38.166034,41.64429,A:maj,19.0
328,40.99269623333334,40.774725524,0.0,0.0,46.0,,,,,,,,,,,40.99269623333334,41.159362666666674,52.0,73.0,88.0,38.166034,41.64429,A:maj,19.0
329,41.159362666666674,40.774725524,0.0,0.0,46.0,,,,,,,,,,,40.99269623333334,41.159362666666674,52.0,73.0,88.0,38.166034,41.64429,A:maj,19.0
330,41.21008723333334,40.774725524,0.0,0.0,46.0,,,,,,,,,,,41.21008723333334,41.62131854166668,61.0,95.0,89.0,38.166034,41.64429,A:maj,19.0
331,41.211898825000006,40.774725524,0.0,0.0,46.0,,,,,,,,,,,41.21008723333334,41.62131854166668,61.0,95.0,89.0,38.166034,41.64429,A:maj,19.0
332,41.42747823333334,40.774725524,0.0,0.0,46.0,41.42747823333334,41.57965193333334,57.0,86.0,31.0,,,,,,41.42747823333334,42.30791178333334,57.0,75.0,90.0,38.166034,41.64429,A:maj,19.0
333,41.57965193333334,40.774725524,0.0,0.0,46.0,41.42747823333334,41.57965193333334,57.0,86.0,31.0,,,,,,41.42747823333334,42.30791178333334,57.0,75.0,90.0,38.166034,41.64429,A:maj,19.0
334,41.62131854166668,40.774725524,0.0,0.0,46.0,,,,,,,,,,,41.42747823333334,42.30791178333334,57.0,75.0,90.0,38.166034,41.64429,A:maj,19.0
335,41.644289524,41.644289524,1.0,1.0,47.0,,,,,,,,,,,41.42747823333334,42.30791178333334,57.0,75.0,90.0,38.166034,41.64429,A:maj,19.0
336,41.64429,41.644289524,1.0,1.0,47.0,,,,,,,,,,,41.42747823333334,42.30791178333334,57.0,75.0,90.0,41.64429,45.122546,D:maj,20.0
337,41.64486923333334,41.644289524,1.0,1.0,47.0,41.64486923333334,42.00718756666667,64.0,93.0,32.0,,,,,,41.64486923333334,43.26262059166668,38.0,79.0,91.0,41.64429,45.122546,D:maj,20.0
338,41.65211560000001,41.644289524,1.0,1.0,47.0,41.64486923333334,42.00718756666667,64.0,93.0,32.0,,,,,,41.64486923333334,43.26262059166668,38.0,79.0,91.0,41.64429,45.122546,D:maj,20.0
339,42.00718756666667,41.644289524,1.0,1.0,47.0,41.64486923333334,42.00718756666667,64.0,93.0,32.0,,,,,,41.64486923333334,43.26262059166668,38.0,79.0,91.0,41.64429,45.122546,D:maj,20.0
340,42.07965123333334,41.644289524,1.0,1.0,47.0,42.07965123333334,42.452839116666674,66.0,92.0,33.0,,,,,,42.07965123333334,43.41298270000001,45.0,50.0,92.0,41.64429,45.122546,D:maj,20.0
341,42.29704223333334,41.644289524,1.0,1.0,47.0,42.29704223333334,42.452839116666674,66.0,100.0,34.0,,,,,,42.07965123333334,43.41298270000001,45.0,50.0,92.0,41.64429,45.122546,D:maj,20.0
342,42.30791178333334,41.644289524,1.0,1.0,47.0,42.29704223333334,42.452839116666674,66.0,100.0,34.0,,,,,,42.07965123333334,43.41298270000001,45.0,50.0,92.0,41.64429,45.122546,D:maj,20.0
343,42.452839116666674,41.644289524,1.0,1.0,47.0,42.29704223333334,42.452839116666674,66.0,100.0,34.0,,,,,,42.07965123333334,43.41298270000001,45.0,50.0,92.0,41.64429,45.122546,D:maj,20.0
344,42.513853524000005,42.513853524000005,0.0,0.0,48.0,,,,,,,,,,,42.07965123333334,43.41298270000001,45.0,50.0,92.0,41.64429,45.122546,D:maj,20.0
345,42.51443323333334,42.513853524000005,0.0,0.0,48.0,,,,,,,,,,,42.51443323333334,44.10319912500001,66.0,93.0,93.0,41.64429,45.122546,D:maj,20.0
346,42.51443323333334,42.513853524000005,0.0,0.0,48.0,,,,,,,,,,,42.51443323333334,44.15754687500001,62.0,72.0,94.0,41.64429,45.122546,D:maj,20.0
347,42.51443323333334,42.513853524000005,0.0,0.0,48.0,,,,,,,,,,,42.51443323333334,43.20464965833334,50.0,46.0,95.0,41.64429,45.122546,D:maj,20.0
348,42.94921523333334,42.513853524000005,0.0,0.0,48.0,42.94921523333334,43.06515710000001,64.0,93.0,35.0,,,,,,42.94921523333334,44.23001054166667,57.0,73.0,96.0,41.64429,45.122546,D:maj,20.0
349,43.06515710000001,42.513853524000005,0.0,0.0,48.0,42.94921523333334,43.06515710000001,64.0,93.0,35.0,,,,,,42.94921523333334,44.23001054166667,57.0,73.0,96.0,41.64429,45.122546,D:maj,20.0
350,43.16660623333334,42.513853524000005,0.0,0.0,48.0,43.16660623333334,43.483634775000006,66.0,99.0,36.0,,,,,,42.94921523333334,44.23001054166667,57.0,73.0,96.0,41.64429,45.122546,D:maj,20.0
351,43.20464965833334,42.513853524000005,0.0,0.0,48.0,43.16660623333334,43.483634775000006,66.0,99.0,36.0,,,,,,42.94921523333334,44.23001054166667,57.0,73.0,96.0,41.64429,45.122546,D:maj,20.0
352,43.26262059166668,42.513853524000005,0.0,0.0,48.0,43.16660623333334,43.483634775000006,66.0,99.0,36.0,,,,,,42.94921523333334,44.23001054166667,57.0,73.0,96.0,41.64429,45.122546,D:maj,20.0
353,43.383417524,43.383417524,1.0,0.0,49.0,43.16660623333334,43.483634775000006,66.0,99.0,36.0,,,,,,42.94921523333334,44.23001054166667,57.0,73.0,96.0,41.64429,45.122546,D:maj,20.0
354,43.38399723333334,43.383417524,1.0,0.0,49.0,43.16660623333334,43.483634775000006,66.0,99.0,36.0,,,,,,43.38399723333334,44.36044514166667,38.0,81.0,97.0,41.64429,45.122546,D:maj,20.0
355,43.41298270000001,43.383417524,1.0,0.0,49.0,43.16660623333334,43.483634775000006,66.0,99.0,36.0,,,,,,43.38399723333334,44.36044514166667,38.0,81.0,97.0,41.64429,45.122546,D:maj,20.0
356,43.483634775000006,43.383417524,1.0,0.0,49.0,43.16660623333334,43.483634775000006,66.0,99.0,36.0,,,,,,43.38399723333334,44.36044514166667,38.0,81.0,97.0,41.64429,45.122546,D:maj,20.0
357,43.60138823333334,43.383417524,1.0,0.0,49.0,43.60138823333334,43.885808125,64.0,89.0,37.0,,,,,,43.38399723333334,44.36044514166667,38.0,81.0,97.0,41.64429,45.122546,D:maj,20.0
358,43.81877923333334,43.383417524,1.0,0.0,49.0,43.60138823333334,43.885808125,64.0,89.0,37.0,,,,,,43.81877923333334,44.679285275000005,45.0,60.0,98.0,41.64429,45.122546,D:maj,20.0
359,43.885808125,43.383417524,1.0,0.0,49.0,43.60138823333334,43.885808125,64.0,89.0,37.0,,,,,,43.81877923333334,44.679285275000005,45.0,60.0,98.0,41.64429,45.122546,D:maj,20.0
360,44.03617023333334,43.383417524,1.0,0.0,49.0,44.03617023333334,44.38580742500001,57.0,86.0,38.0,,,,,,43.81877923333334,44.679285275000005,45.0,60.0,98.0,41.64429,45.122546,D:maj,20.0
361,44.10319912500001,43.383417524,1.0,0.0,49.0,44.03617023333334,44.38580742500001,57.0,86.0,38.0,,,,,,43.81877923333334,44.679285275000005,45.0,60.0,98.0,41.64429,45.122546,D:maj,20.0
362,44.15754687500001,43.383417524,1.0,0.0,49.0,44.03617023333334,44.38580742500001,57.0,86.0,38.0,,,,,,43.81877923333334,44.679285275000005,45.0,60.0,98.0,41.64429,45.122546,D:maj,20.0
363,44.23001054166667,43.383417524,1.0,0.0,49.0,44.03617023333334,44.38580742500001,57.0,86.0,38.0,,,,,,43.81877923333334,44.679285275000005,45.0,60.0,98.0,41.64429,45.122546,D:maj,20.0
364,44.252981524000006,44.252981524000006,0.0,0.0,50.0,44.03617023333334,44.38580742500001,57.0,86.0,38.0,,,,,,43.81877923333334,44.679285275000005,45.0,60.0,98.0,41.64429,45.122546,D:maj,20.0
365,44.25356123333334,44.252981524000006,0.0,0.0,50.0,44.03617023333334,44.38580742500001,57.0,86.0,38.0,,,,,,44.25356123333334,44.490879741666674,50.0,77.0,99.0,41.64429,45.122546,D:maj,20.0
366,44.25356123333334,44.252981524000006,0.0,0.0,50.0,44.03617023333334,44.38580742500001,57.0,86.0,38.0,,,,,,44.25356123333334,45.14305274166667,62.0,69.0,100.0,41.64429,45.122546,D:maj,20.0
367,44.25356123333334,44.252981524000006,0.0,0.0,50.0,44.03617023333334,44.38580742500001,57.0,86.0,38.0,,,,,,44.25356123333334,45.26624097500001,66.0,107.0,101.0,41.64429,45.122546,D:maj,20.0
368,44.36044514166667,44.252981524000006,0.0,0.0,50.0,44.03617023333334,44.38580742500001,57.0,86.0,38.0,,,,,,44.25356123333334,45.26624097500001,66.0,107.0,101.0,41.64429,45.122546,D:maj,20.0
369,44.38580742500001,44.252981524000006,0.0,0.0,50.0,44.03617023333334,44.38580742500001,57.0,86.0,38.0,,,,,,44.25356123333334,45.26624097500001,66.0,107.0,101.0,41.64429,45.122546,D:maj,20.0
370,44.490879741666674,44.252981524000006,0.0,0.0,50.0,,,,,,,,,,,44.25356123333334,45.26624097500001,66.0,107.0,101.0,41.64429,45.122546,D:maj,20.0
371,44.679285275000005,44.252981524000006,0.0,0.0,50.0,,,,,,,,,,,44.25356123333334,45.26624097500001,66.0,107.0,101.0,41.64429,45.122546,D:maj,20.0
372,44.68834323333334,44.252981524000006,0.0,0.0,50.0,,,,,,,,,,,44.68834323333334,44.96008198333334,38.0,85.0,102.0,41.64429,45.122546,D:maj,20.0
373,44.90573423333334,44.252981524000006,0.0,0.0,50.0,44.90573423333334,45.06877748333334,54.0,83.0,39.0,,,,,,44.68834323333334,44.96008198333334,38.0,85.0,102.0,41.64429,45.122546,D:maj,20.0
374,44.96008198333334,44.252981524000006,0.0,0.0,50.0,44.90573423333334,45.06877748333334,54.0,83.0,39.0,,,,,,44.68834323333334,44.96008198333334,38.0,85.0,102.0,41.64429,45.122546,D:maj,20.0
375,45.06877748333334,44.252981524000006,0.0,0.0,50.0,44.90573423333334,45.06877748333334,54.0,83.0,39.0,,,,,,,,,,,41.64429,45.122546,D:maj,20.0
376,45.122545524,45.122545524,1.0,1.0,51.0,,,,,,,,,,,,,,,,41.64429,45.122546,D:maj,20.0
377,45.122546,45.122545524,1.0,1.0,51.0,,,,,,,,,,,,,,,,45.122546,48.600802,B:min,21.0
378,45.12312523333334,45.122545524,1.0,1.0,51.0,45.12312523333334,45.48544356666668,61.0,96.0,40.0,,,,,,45.12312523333334,46.307906183333344,47.0,86.0,103.0,45.122546,48.600802,B:min,21.0
379,45.14305274166667,45.122545524,1.0,1.0,51.0,45.12312523333334,45.48544356666668,61.0,96.0,40.0,,,,,,45.12312523333334,46.307906183333344,47.0,86.0,103.0,45.122546,48.600802,B:min,21.0
380,45.26624097500001,45.122545524,1.0,1.0,51.0,45.12312523333334,45.48544356666668,61.0,96.0,40.0,,,,,,45.12312523333334,46.307906183333344,47.0,86.0,103.0,45.122546,48.600802,B:min,21.0
381,45.48544356666668,45.122545524,1.0,1.0,51.0,45.12312523333334,45.48544356666668,61.0,96.0,40.0,,,,,,45.12312523333334,46.307906183333344,47.0,86.0,103.0,45.122546,48.600802,B:min,21.0
382,45.55790723333334,45.122545524,1.0,1.0,51.0,45.55790723333334,45.82964598333334,62.0,89.0,41.0,,,,,,45.55790723333334,46.39667417500001,54.0,72.0,104.0,45.122546,48.600802,B:min,21.0
383,45.82964598333334,45.122545524,1.0,1.0,51.0,45.55790723333334,45.82964598333334,62.0,89.0,41.0,,,,,,45.55790723333334,46.39667417500001,54.0,72.0,104.0,45.122546,48.600802,B:min,21.0
384,45.992109524,45.992109524,0.0,0.0,52.0,,,,,,,,,,,45.55790723333334,46.39667417500001,54.0,72.0,104.0,45.122546,48.600802,B:min,21.0
385,45.99268923333334,45.992109524,0.0,0.0,52.0,45.99268923333334,46.25718161666667,62.0,95.0,42.0,,,,,,45.99268923333334,47.21551360833334,62.0,67.0,105.0,45.122546,48.600802,B:min,21.0
386,45.99268923333334,45.992109524,0.0,0.0,52.0,45.99268923333334,46.25718161666667,62.0,95.0,42.0,,,,,,45.99268923333334,47.1521079,66.0,100.0,106.0,45.122546,48.600802,B:min,21.0
387,46.25718161666667,45.992109524,0.0,0.0,52.0,45.99268923333334,46.25718161666667,62.0,95.0,42.0,,,,,,45.99268923333334,47.1521079,66.0,100.0,106.0,45.122546,48.600802,B:min,21.0
388,46.307906183333344,45.992109524,0.0,0.0,52.0,,,,,,,,,,,45.99268923333334,47.1521079,66.0,100.0,106.0,45.122546,48.600802,B:min,21.0
389,46.39667417500001,45.992109524,0.0,0.0,52.0,,,,,,,,,,,45.99268923333334,47.1521079,66.0,100.0,106.0,45.122546,48.600802,B:min,21.0
390,46.42747123333334,45.992109524,0.0,0.0,52.0,46.42747123333334,46.60863040000001,61.0,97.0,43.0,,,,,,46.42747123333334,46.76442728333334,47.0,82.0,107.0,45.122546,48.600802,B:min,21.0
391,46.60863040000001,45.992109524,0.0,0.0,52.0,46.42747123333334,46.60863040000001,61.0,97.0,43.0,,,,,,46.42747123333334,46.76442728333334,47.0,82.0,107.0,45.122546,48.600802,B:min,21.0
392,46.64486223333334,45.992109524,0.0,0.0,52.0,46.64486223333334,47.03073125833334,62.0,92.0,44.0,,,,,,46.42747123333334,46.76442728333334,47.0,82.0,107.0,45.122546,48.600802,B:min,21.0
393,46.76442728333334,45.992109524,0.0,0.0,52.0,46.64486223333334,47.03073125833334,62.0,92.0,44.0,,,,,,46.42747123333334,46.76442728333334,47.0,82.0,107.0,45.122546,48.600802,B:min,21.0
394,46.861673524,46.861673524,1.0,0.0,53.0,46.64486223333334,47.03073125833334,62.0,92.0,44.0,,,,,,,,,,,45.122546,48.600802,B:min,21.0
395,46.86225323333334,46.861673524,1.0,0.0,53.0,46.64486223333334,47.03073125833334,62.0,92.0,44.0,,,,,,46.86225323333334,47.831454775000005,47.0,82.0,108.0,45.122546,48.600802,B:min,21.0
396,47.03073125833334,46.861673524,1.0,0.0,53.0,46.64486223333334,47.03073125833334,62.0,92.0,44.0,,,,,,46.86225323333334,47.831454775000005,47.0,82.0,108.0,45.122546,48.600802,B:min,21.0
397,47.07964423333334,46.861673524,1.0,0.0,53.0,47.07964423333334,47.315151150000005,64.0,99.0,45.0,,,,,,46.86225323333334,47.831454775000005,47.0,82.0,108.0,45.122546,48.600802,B:min,21.0
398,47.1521079,46.861673524,1.0,0.0,53.0,47.07964423333334,47.315151150000005,64.0,99.0,45.0,,,,,,46.86225323333334,47.831454775000005,47.0,82.0,108.0,45.122546,48.600802,B:min,21.0
399,47.21551360833334,46.861673524,1.0,0.0,53.0,47.07964423333334,47.315151150000005,64.0,99.0,45.0,,,,,,46.86225323333334,47.831454775000005,47.0,82.0,108.0,45.122546,48.600802,B:min,21.0
400,47.29703523333334,46.861673524,1.0,0.0,53.0,47.07964423333334,47.315151150000005,64.0,99.0,45.0,,,,,,47.29703523333334,47.87493297500001,59.0,77.0,109.0,45.122546,48.600802,B:min,21.0
401,47.315151150000005,46.861673524,1.0,0.0,53.0,47.07964423333334,47.315151150000005,64.0,99.0,45.0,,,,,,47.29703523333334,47.87493297500001,59.0,77.0,109.0,45.122546,48.600802,B:min,21.0
402,47.51442623333334,46.861673524,1.0,0.0,53.0,47.51442623333334,48.043411000000006,66.0,102.0,46.0,,,,,,47.29703523333334,47.87493297500001,59.0,77.0,109.0,45.122546,48.600802,B:min,21.0
403,47.731237524,47.731237524,0.0,0.0,54.0,47.51442623333334,48.043411000000006,66.0,102.0,46.0,,,,,,47.29703523333334,47.87493297500001,59.0,77.0,109.0,45.122546,48.600802,B:min,21.0
404,47.73181723333334,47.731237524,0.0,0.0,54.0,47.51442623333334,48.043411000000006,66.0,102.0,46.0,,,,,,47.73181723333334,48.56877258333334,66.0,112.0,110.0,45.122546,48.600802,B:min,21.0
405,47.831454775000005,47.731237524,0.0,0.0,54.0,47.51442623333334,48.043411000000006,66.0,102.0,46.0,,,,,,47.73181723333334,48.56877258333334,66.0,112.0,110.0,45.122546,48.600802,B:min,21.0
406,47.87493297500001,47.731237524,0.0,0.0,54.0,47.51442623333334,48.043411000000006,66.0,102.0,46.0,,,,,,47.73181723333334,48.56877258333334,66.0,112.0,110.0,45.122546,48.600802,B:min,21.0
407,47.949208233333344,47.731237524,0.0,0.0,54.0,47.51442623333334,48.043411000000006,66.0,102.0,46.0,,,,,,47.949208233333344,48.58507690833334,62.0,51.0,111.0,45.122546,48.600802,B:min,21.0
408,48.043411000000006,47.731237524,0.0,0.0,54.0,47.51442623333334,48.043411000000006,66.0,102.0,46.0,,,,,,47.949208233333344,48.58507690833334,62.0,51.0,111.0,45.122546,48.600802,B:min,21.0
409,48.16659923333334,47.731237524,0.0,0.0,54.0,,,,,,,,,,,48.16659923333334,48.63580147500001,59.0,77.0,112.0,45.122546,48.600802,B:min,21.0
410,48.38399023333334,47.731237524,0.0,0.0,54.0,48.38399023333334,48.48906255000001,59.0,92.0,47.0,,,,,,48.16659923333334,48.63580147500001,59.0,77.0,112.0,45.122546,48.600802,B:min,21.0
411,48.48906255000001,47.731237524,0.0,0.0,54.0,48.38399023333334,48.48906255000001,59.0,92.0,47.0,,,,,,48.16659923333334,48.63580147500001,59.0,77.0,112.0,45.122546,48.600802,B:min,21.0
412,48.56877258333334,47.731237524,0.0,0.0,54.0,,,,,,,,,,,48.16659923333334,48.63580147500001,59.0,77.0,112.0,45.122546,48.600802,B:min,21.0
413,48.58507690833334,47.731237524,0.0,0.0,54.0,,,,,,,,,,,48.16659923333334,48.63580147500001,59.0,77.0,112.0,45.122546,48.600802,B:min,21.0
414,48.600801524000005,48.600801524000005,1.0,1.0,55.0,,,,,,,,,,,48.16659923333334,48.63580147500001,59.0,77.0,112.0,45.122546,48.600802,B:min,21.0
415,48.600802,48.600801524000005,1.0,1.0,55.0,,,,,,,,,,,48.16659923333334,48.63580147500001,59.0,77.0,112.0,48.600802,52.079058,C:maj,22.0
416,48.60138123333334,48.600801524000005,1.0,1.0,55.0,48.60138123333334,48.94739524166668,66.0,107.0,48.0,,,,,,48.60138123333334,49.58869869166667,36.0,82.0,113.0,48.600802,52.079058,C:maj,22.0
417,48.63580147500001,48.600801524000005,1.0,1.0,55.0,48.60138123333334,48.94739524166668,66.0,107.0,48.0,,,,,,48.60138123333334,49.58869869166667,36.0,82.0,113.0,48.600802,52.079058,C:maj,22.0
418,48.94739524166668,48.600801524000005,1.0,1.0,55.0,48.60138123333334,48.94739524166668,66.0,107.0,48.0,,,,,,48.60138123333334,49.58869869166667,36.0,82.0,113.0,48.600802,52.079058,C:maj,22.0
419,49.03616323333334,48.600801524000005,1.0,1.0,55.0,49.03616323333334,49.14667032500001,67.0,92.0,49.0,,,,,,49.03616323333334,49.77348104166668,43.0,50.0,114.0,48.600802,52.079058,C:maj,22.0
420,49.14667032500001,48.600801524000005,1.0,1.0,55.0,49.03616323333334,49.14667032500001,67.0,92.0,49.0,,,,,,49.03616323333334,49.77348104166668,43.0,50.0,114.0,48.600802,52.079058,C:maj,22.0
421,49.25355423333334,48.600801524000005,1.0,1.0,55.0,49.25355423333334,49.63761166666667,67.0,100.0,50.0,,,,,,49.03616323333334,49.77348104166668,43.0,50.0,114.0,48.600802,52.079058,C:maj,22.0
422,49.470365524,49.470365524,0.0,0.0,56.0,49.25355423333334,49.63761166666667,67.0,100.0,50.0,,,,,,49.03616323333334,49.77348104166668,43.0,50.0,114.0,48.600802,52.079058,C:maj,22.0
423,49.47094523333334,49.470365524,0.0,0.0,56.0,49.25355423333334,49.63761166666667,67.0,100.0,50.0,,,,,,49.47094523333334,50.77166805000001,64.0,69.0,115.0,48.600802,52.079058,C:maj,22.0
424,49.47094523333334,49.470365524,0.0,0.0,56.0,49.25355423333334,49.63761166666667,67.0,100.0,50.0,,,,,,49.47094523333334,50.77891441666667,60.0,74.0,116.0,48.600802,52.079058,C:maj,22.0
425,49.58869869166667,49.470365524,0.0,0.0,56.0,49.25355423333334,49.63761166666667,67.0,100.0,50.0,,,,,,49.47094523333334,50.77891441666667,60.0,74.0,116.0,48.600802,52.079058,C:maj,22.0
426,49.63761166666667,49.470365524,0.0,0.0,56.0,49.25355423333334,49.63761166666667,67.0,100.0,50.0,,,,,,49.47094523333334,50.77891441666667,60.0,74.0,116.0,48.600802,52.079058,C:maj,22.0
427,49.77348104166668,49.470365524,0.0,0.0,56.0,,,,,,,,,,,49.47094523333334,50.77891441666667,60.0,74.0,116.0,48.600802,52.079058,C:maj,22.0
428,49.905727233333344,49.470365524,0.0,0.0,56.0,49.905727233333344,50.02348069166668,66.0,102.0,51.0,,,,,,49.905727233333344,50.21007463333334,36.0,69.0,117.0,48.600802,52.079058,C:maj,22.0
429,50.02348069166668,49.470365524,0.0,0.0,56.0,49.905727233333344,50.02348069166668,66.0,102.0,51.0,,,,,,49.905727233333344,50.21007463333334,36.0,69.0,117.0,48.600802,52.079058,C:maj,22.0
430,50.123118233333344,49.470365524,0.0,0.0,56.0,50.123118233333344,50.52347999166668,67.0,97.0,52.0,,,,,,49.905727233333344,50.21007463333334,36.0,69.0,117.0,48.600802,52.079058,C:maj,22.0
431,50.21007463333334,49.470365524,0.0,0.0,56.0,50.123118233333344,50.52347999166668,67.0,97.0,52.0,,,,,,49.905727233333344,50.21007463333334,36.0,69.0,117.0,48.600802,52.079058,C:maj,22.0
432,50.339929524000006,50.339929524000006,1.0,0.0,57.0,50.123118233333344,50.52347999166668,67.0,97.0,52.0,,,,,,,,,,,48.600802,52.079058,C:maj,22.0
433,50.34050923333334,50.339929524000006,1.0,0.0,57.0,50.123118233333344,50.52347999166668,67.0,97.0,52.0,,,,,,50.34050923333334,51.44195696666667,36.0,89.0,118.0,48.600802,52.079058,C:maj,22.0
434,50.52347999166668,50.339929524000006,1.0,0.0,57.0,50.123118233333344,50.52347999166668,67.0,97.0,52.0,,,,,,50.34050923333334,51.44195696666667,36.0,89.0,118.0,48.600802,52.079058,C:maj,22.0
435,50.77166805000001,50.339929524000006,1.0,0.0,57.0,,,,,,,,,,,50.34050923333334,51.44195696666667,36.0,89.0,118.0,48.600802,52.079058,C:maj,22.0
436,50.77529123333334,50.339929524000006,1.0,0.0,57.0,50.77529123333334,51.17021821666668,66.0,97.0,53.0,,,,,,50.77529123333334,51.972753325000006,55.0,63.0,119.0,48.600802,52.079058,C:maj,22.0
437,50.77891441666667,50.339929524000006,1.0,0.0,57.0,50.77529123333334,51.17021821666668,66.0,97.0,53.0,,,,,,50.77529123333334,51.972753325000006,55.0,63.0,119.0,48.600802,52.079058,C:maj,22.0
438,51.17021821666668,50.339929524000006,1.0,0.0,57.0,50.77529123333334,51.17021821666668,66.0,97.0,53.0,,,,,,50.77529123333334,51.972753325000006,55.0,63.0,119.0,48.600802,52.079058,C:maj,22.0
439,51.209493524,51.209493524,0.0,0.0,58.0,,,,,,,,,,,50.77529123333334,51.972753325000006,55.0,63.0,119.0,48.600802,52.079058,C:maj,22.0
440,51.21007323333334,51.209493524,0.0,0.0,58.0,51.21007323333334,51.556087241666674,59.0,95.0,54.0,,,,,,51.21007323333334,52.15210090000001,64.0,93.0,120.0,48.600802,52.079058,C:maj,22.0
441,51.44195696666667,51.209493524,0.0,0.0,58.0,51.21007323333334,51.556087241666674,59.0,95.0,54.0,,,,,,51.21007323333334,52.15210090000001,64.0,93.0,120.0,48.600802,52.079058,C:maj,22.0
442,51.556087241666674,51.209493524,0.0,0.0,58.0,51.21007323333334,51.556087241666674,59.0,95.0,54.0,,,,,,51.21007323333334,52.15210090000001,64.0,93.0,120.0,48.600802,52.079058,C:maj,22.0
443,51.64485523333334,51.209493524,0.0,0.0,58.0,51.64485523333334,51.95101422500001,62.0,107.0,55.0,,,,,,51.64485523333334,52.08326041666668,60.0,64.0,121.0,48.600802,52.079058,C:maj,22.0
444,51.95101422500001,51.209493524,0.0,0.0,58.0,51.64485523333334,51.95101422500001,62.0,107.0,55.0,,,,,,51.64485523333334,52.08326041666668,60.0,64.0,121.0,48.600802,52.079058,C:maj,22.0
445,51.972753325000006,51.209493524,0.0,0.0,58.0,,,,,,,,,,,51.64485523333334,52.08326041666668,60.0,64.0,121.0,48.600802,52.079058,C:maj,22.0
446,52.07905752400001,52.07905752400001,1.0,1.0,59.0,,,,,,,,,,,51.64485523333334,52.08326041666668,60.0,64.0,121.0,48.600802,52.079058,C:maj,22.0
447,52.079058,52.07905752400001,1.0,1.0,59.0,,,,,,,,,,,51.64485523333334,52.08326041666668,60.0,64.0,121.0,52.079058,55.557314,A:maj,23.0
448,52.079637233333344,52.07905752400001,1.0,1.0,59.0,52.079637233333344,52.41297010000001,62.0,100.0,56.0,,,,,,52.079637233333344,53.119490850000005,45.0,83.0,122.0,52.079058,55.557314,A:maj,23.0
449,52.08326041666668,52.07905752400001,1.0,1.0,59.0,52.079637233333344,52.41297010000001,62.0,100.0,56.0,,,,,,52.079637233333344,53.119490850000005,45.0,83.0,122.0,52.079058,55.557314,A:maj,23.0
450,52.15210090000001,52.07905752400001,1.0,1.0,59.0,52.079637233333344,52.41297010000001,62.0,100.0,56.0,,,,,,52.079637233333344,53.119490850000005,45.0,83.0,122.0,52.079058,55.557314,A:maj,23.0
451,52.41297010000001,52.07905752400001,1.0,1.0,59.0,52.079637233333344,52.41297010000001,62.0,100.0,56.0,,,,,,52.079637233333344,53.119490850000005,45.0,83.0,122.0,52.079058,55.557314,A:maj,23.0
452,52.51441923333334,52.07905752400001,1.0,1.0,59.0,52.51441923333334,52.57420175833335,62.0,89.0,57.0,,,,,,52.51441923333334,53.22818635000001,52.0,64.0,123.0,52.079058,55.557314,A:maj,23.0
453,52.57420175833335,52.07905752400001,1.0,1.0,59.0,52.51441923333334,52.57420175833335,62.0,89.0,57.0,,,,,,52.51441923333334,53.22818635000001,52.0,64.0,123.0,52.079058,55.557314,A:maj,23.0
454,52.73181023333334,52.07905752400001,1.0,1.0,59.0,52.73181023333334,52.94014327500001,62.0,97.0,58.0,,,,,,52.51441923333334,53.22818635000001,52.0,64.0,123.0,52.079058,55.557314,A:maj,23.0
455,52.94014327500001,52.07905752400001,1.0,1.0,59.0,52.73181023333334,52.94014327500001,62.0,97.0,58.0,,,,,,52.51441923333334,53.22818635000001,52.0,64.0,123.0,52.079058,55.557314,A:maj,23.0
456,52.948621524,52.948621524,0.0,0.0,60.0,,,,,,,,,,,52.51441923333334,53.22818635000001,52.0,64.0,123.0,52.079058,55.557314,A:maj,23.0
457,52.94920123333334,52.948621524,0.0,0.0,60.0,,,,,,,,,,,52.94920123333334,54.34231522500001,57.0,68.0,124.0,52.079058,55.557314,A:maj,23.0
458,52.94920123333334,52.948621524,0.0,0.0,60.0,,,,,,,,,,,52.94920123333334,54.44738754166668,64.0,77.0,125.0,52.079058,55.557314,A:maj,23.0
459,53.119490850000005,52.948621524,0.0,0.0,60.0,,,,,,,,,,,52.94920123333334,54.44738754166668,64.0,77.0,125.0,52.079058,55.557314,A:maj,23.0
460,53.16659223333334,52.948621524,0.0,0.0,60.0,53.16659223333334,53.24086749166668,64.0,89.0,59.0,,,,,,52.94920123333334,54.44738754166668,64.0,77.0,125.0,52.079058,55.557314,A:maj,23.0
461,53.22818635000001,52.948621524,0.0,0.0,60.0,53.16659223333334,53.24086749166668,64.0,89.0,59.0,,,,,,52.94920123333334,54.44738754166668,64.0,77.0,125.0,52.079058,55.557314,A:maj,23.0
462,53.24086749166668,52.948621524,0.0,0.0,60.0,53.16659223333334,53.24086749166668,64.0,89.0,59.0,,,,,,52.94920123333334,54.44738754166668,64.0,77.0,125.0,52.079058,55.557314,A:maj,23.0
463,53.38398323333334,52.948621524,0.0,0.0,60.0,53.38398323333334,53.96188097500001,66.0,117.0,60.0,,,,,,53.38398323333334,53.69738859166667,45.0,88.0,126.0,52.079058,55.557314,A:maj,23.0
464,53.69738859166667,52.948621524,0.0,0.0,60.0,53.38398323333334,53.96188097500001,66.0,117.0,60.0,,,,,,53.38398323333334,53.69738859166667,45.0,88.0,126.0,52.079058,55.557314,A:maj,23.0
465,53.818185524,53.818185524,1.0,0.0,61.0,53.38398323333334,53.96188097500001,66.0,117.0,60.0,,,,,,,,,,,52.079058,55.557314,A:maj,23.0
466,53.81876523333335,53.818185524,1.0,0.0,61.0,53.81876523333335,54.47637300833334,64.0,97.0,61.0,,,,,,53.81876523333335,55.30789358333334,45.0,89.0,127.0,52.079058,55.557314,A:maj,23.0
467,53.96188097500001,53.818185524,1.0,0.0,61.0,53.81876523333335,54.47637300833334,64.0,97.0,61.0,,,,,,53.81876523333335,55.30789358333334,45.0,89.0,127.0,52.079058,55.557314,A:maj,23.0
468,54.25354723333334,53.818185524,1.0,0.0,61.0,53.81876523333335,54.47637300833334,64.0,97.0,61.0,,,,,,54.25354723333334,54.757169716666674,52.0,64.0,128.0,52.079058,55.557314,A:maj,23.0
469,54.34231522500001,53.818185524,1.0,0.0,61.0,53.81876523333335,54.47637300833334,64.0,97.0,61.0,,,,,,54.25354723333334,54.757169716666674,52.0,64.0,128.0,52.079058,55.557314,A:maj,23.0
470,54.44738754166668,53.818185524,1.0,0.0,61.0,53.81876523333335,54.47637300833334,64.0,97.0,61.0,,,,,,54.25354723333334,54.757169716666674,52.0,64.0,128.0,52.079058,55.557314,A:maj,23.0
471,54.47093823333334,53.818185524,1.0,0.0,61.0,53.81876523333335,54.47637300833334,64.0,97.0,61.0,,,,,,54.47093823333334,54.80064791666668,57.0,71.0,129.0,52.079058,55.557314,A:maj,23.0
472,54.47637300833334,53.818185524,1.0,0.0,61.0,53.81876523333335,54.47637300833334,64.0,97.0,61.0,,,,,,54.47093823333334,54.80064791666668,57.0,71.0,129.0,52.079058,55.557314,A:maj,23.0
473,54.687749524,54.687749524,0.0,0.0,62.0,,,,,,,,,,,54.47093823333334,54.80064791666668,57.0,71.0,129.0,52.079058,55.557314,A:maj,23.0
474,54.68832923333334,54.687749524,0.0,0.0,62.0,54.68832923333334,54.99086504166667,66.0,102.0,62.0,,,,,,54.68832923333334,55.53796572500001,64.0,97.0,130.0,52.079058,55.557314,A:maj,23.0
475,54.757169716666674,54.687749524,0.0,0.0,62.0,54.68832923333334,54.99086504166667,66.0,102.0,62.0,,,,,,54.68832923333334,55.53796572500001,64.0,97.0,130.0,52.079058,55.557314,A:maj,23.0
476,54.80064791666668,54.687749524,0.0,0.0,62.0,54.68832923333334,54.99086504166667,66.0,102.0,62.0,,,,,,54.68832923333334,55.53796572500001,64.0,97.0,130.0,52.079058,55.557314,A:maj,23.0
477,54.90572023333334,54.687749524,0.0,0.0,62.0,54.68832923333334,54.99086504166667,66.0,102.0,62.0,,,,,,54.90572023333334,55.29158925833334,52.0,82.0,131.0,52.079058,55.557314,A:maj,23.0
478,54.99086504166667,54.687749524,0.0,0.0,62.0,54.68832923333334,54.99086504166667,66.0,102.0,62.0,,,,,,54.90572023333334,55.29158925833334,52.0,82.0,131.0,52.079058,55.557314,A:maj,23.0
479,55.12311123333334,54.687749524,0.0,0.0,62.0,55.12311123333334,55.42202385833334,67.0,96.0,63.0,,,,,,55.12311123333334,55.53071935833334,61.0,92.0,132.0,52.079058,55.557314,A:maj,23.0
480,55.29158925833334,54.687749524,0.0,0.0,62.0,55.12311123333334,55.42202385833334,67.0,96.0,63.0,,,,,,55.12311123333334,55.53071935833334,61.0,92.0,132.0,52.079058,55.557314,A:maj,23.0
481,55.30789358333334,54.687749524,0.0,0.0,62.0,55.12311123333334,55.42202385833334,67.0,96.0,63.0,,,,,,55.12311123333334,55.53071935833334,61.0,92.0,132.0,52.079058,55.557314,A:maj,23.0
482,55.34050223333334,54.687749524,0.0,0.0,62.0,55.12311123333334,55.42202385833334,67.0,96.0,63.0,,,,,,55.34050223333334,55.55789323333335,57.0,88.0,133.0,52.079058,55.557314,A:maj,23.0
483,55.42202385833334,54.687749524,0.0,0.0,62.0,55.12311123333334,55.42202385833334,67.0,96.0,63.0,,,,,,55.34050223333334,55.55789323333335,57.0,88.0,133.0,52.079058,55.557314,A:maj,23.0
484,55.53071935833334,54.687749524,0.0,0.0,62.0,,,,,,,,,,,55.34050223333334,55.55789323333335,57.0,88.0,133.0,52.079058,55.557314,A:maj,23.0
485,55.53796572500001,54.687749524,0.0,0.0,62.0,,,,,,,,,,,55.34050223333334,55.55789323333335,57.0,88.0,133.0,52.079058,55.557314,A:maj,23.0
486,55.557313524,55.557313524,1.0,1.0,63.0,,,,,,,,,,,55.34050223333334,55.55789323333335,57.0,88.0,133.0,52.079058,55.557314,A:maj,23.0
487,55.557314,55.557313524,1.0,1.0,63.0,,,,,,,,,,,55.34050223333334,55.55789323333335,57.0,88.0,133.0,55.557314,59.03557,F#:min,24.0
488,55.55789323333335,55.557313524,1.0,1.0,63.0,55.55789323333335,56.19919668333334,69.0,107.0,64.0,,,,,,55.55789323333335,56.98361587500001,42.0,85.0,134.0,55.557314,59.03557,F#:min,24.0
489,55.77528423333335,55.557313524,1.0,1.0,63.0,55.55789323333335,56.19919668333334,69.0,107.0,64.0,,,,,,55.77528423333335,57.21912279166668,49.0,54.0,135.0,55.557314,59.03557,F#:min,24.0
490,55.992675233333344,55.557313524,1.0,1.0,63.0,55.55789323333335,56.19919668333334,69.0,107.0,64.0,,,,,,55.992675233333344,56.47093543333335,54.0,63.0,136.0,55.557314,59.03557,F#:min,24.0
491,56.19919668333334,55.557313524,1.0,1.0,63.0,55.55789323333335,56.19919668333334,69.0,107.0,64.0,,,,,,55.992675233333344,56.47093543333335,54.0,63.0,136.0,55.557314,59.03557,F#:min,24.0
492,56.21006623333334,55.557313524,1.0,1.0,63.0,56.21006623333334,56.61767435833334,69.0,102.0,65.0,,,,,,56.21006623333334,56.697384391666674,57.0,73.0,137.0,55.557314,59.03557,F#:min,24.0
493,56.42687752400001,56.42687752400001,0.0,0.0,64.0,56.21006623333334,56.61767435833334,69.0,102.0,65.0,,,,,,56.21006623333334,56.697384391666674,57.0,73.0,137.0,55.557314,59.03557,F#:min,24.0
494,56.42745723333334,56.42687752400001,0.0,0.0,64.0,56.21006623333334,56.61767435833334,69.0,102.0,65.0,,,,,,56.42745723333334,57.21731120000001,66.0,92.0,138.0,55.557314,59.03557,F#:min,24.0
495,56.47093543333335,56.42687752400001,0.0,0.0,64.0,56.21006623333334,56.61767435833334,69.0,102.0,65.0,,,,,,56.42745723333334,57.21731120000001,66.0,92.0,138.0,55.557314,59.03557,F#:min,24.0
496,56.61767435833334,56.42687752400001,0.0,0.0,64.0,56.21006623333334,56.61767435833334,69.0,102.0,65.0,,,,,,56.42745723333334,57.21731120000001,66.0,92.0,138.0,55.557314,59.03557,F#:min,24.0
497,56.64484823333334,56.42687752400001,0.0,0.0,64.0,,,,,,,,,,,56.64484823333334,56.95281881666668,61.0,67.0,139.0,55.557314,59.03557,F#:min,24.0
498,56.697384391666674,56.42687752400001,0.0,0.0,64.0,,,,,,,,,,,56.64484823333334,56.95281881666668,61.0,67.0,139.0,55.557314,59.03557,F#:min,24.0
499,56.86223923333334,56.42687752400001,0.0,0.0,64.0,56.86223923333334,56.94557245000001,69.0,117.0,66.0,,,,,,56.86223923333334,57.461876075000006,57.0,71.0,140.0,55.557314,59.03557,F#:min,24.0
500,56.94557245000001,56.42687752400001,0.0,0.0,64.0,56.86223923333334,56.94557245000001,69.0,117.0,66.0,,,,,,56.86223923333334,57.461876075000006,57.0,71.0,140.0,55.557314,59.03557,F#:min,24.0
501,56.95281881666668,56.42687752400001,0.0,0.0,64.0,,,,,,,,,,,56.86223923333334,57.461876075000006,57.0,71.0,140.0,55.557314,59.03557,F#:min,24.0
502,56.98361587500001,56.42687752400001,0.0,0.0,64.0,,,,,,,,,,,56.86223923333334,57.461876075000006,57.0,71.0,140.0,55.557314,59.03557,F#:min,24.0
503,57.07963023333334,56.42687752400001,0.0,0.0,64.0,57.07963023333334,57.46006448333334,69.0,117.0,67.0,,,,,,57.07963023333334,57.41115150833334,61.0,71.0,141.0,55.557314,59.03557,F#:min,24.0
504,57.21731120000001,56.42687752400001,0.0,0.0,64.0,57.07963023333334,57.46006448333334,69.0,117.0,67.0,,,,,,57.07963023333334,57.41115150833334,61.0,71.0,141.0,55.557314,59.03557,F#:min,24.0
505,57.21912279166668,56.42687752400001,0.0,0.0,64.0,57.07963023333334,57.46006448333334,69.0,117.0,67.0,,,,,,57.07963023333334,57.41115150833334,61.0,71.0,141.0,55.557314,59.03557,F#:min,24.0
506,57.29644152400001,57.29644152400001,1.0,0.0,65.0,57.07963023333334,57.46006448333334,69.0,117.0,67.0,,,,,,57.07963023333334,57.41115150833334,61.0,71.0,141.0,55.557314,59.03557,F#:min,24.0
507,57.29702123333334,57.29644152400001,1.0,0.0,65.0,57.07963023333334,57.46006448333334,69.0,117.0,67.0,,,,,,57.29702123333334,58.54520789166668,42.0,74.0,142.0,55.557314,59.03557,F#:min,24.0
508,57.41115150833334,57.29644152400001,1.0,0.0,65.0,57.07963023333334,57.46006448333334,69.0,117.0,67.0,,,,,,57.29702123333334,58.54520789166668,42.0,74.0,142.0,55.557314,59.03557,F#:min,24.0
509,57.46006448333334,57.29644152400001,1.0,0.0,65.0,57.07963023333334,57.46006448333334,69.0,117.0,67.0,,,,,,57.29702123333334,58.54520789166668,42.0,74.0,142.0,55.557314,59.03557,F#:min,24.0
510,57.461876075000006,57.29644152400001,1.0,0.0,65.0,,,,,,,,,,,57.29702123333334,58.54520789166668,42.0,74.0,142.0,55.557314,59.03557,F#:min,24.0
511,57.51441223333335,57.29644152400001,1.0,0.0,65.0,,,,,,,,,,,57.51441223333335,58.50897605833335,49.0,35.0,143.0,55.557314,59.03557,F#:min,24.0
512,57.73180323333335,57.29644152400001,1.0,0.0,65.0,57.73180323333335,57.81151326666667,67.0,95.0,68.0,,,,,,57.73180323333335,58.18470115000001,54.0,81.0,144.0,55.557314,59.03557,F#:min,24.0
513,57.81151326666667,57.29644152400001,1.0,0.0,65.0,57.73180323333335,57.81151326666667,67.0,95.0,68.0,,,,,,57.73180323333335,58.18470115000001,54.0,81.0,144.0,55.557314,59.03557,F#:min,24.0
514,57.949194233333344,57.29644152400001,1.0,0.0,65.0,57.949194233333344,58.34593280833335,67.0,100.0,69.0,,,,,,57.949194233333344,58.40209215000001,57.0,83.0,145.0,55.557314,59.03557,F#:min,24.0
515,58.16600552400001,58.16600552400001,0.0,0.0,66.0,57.949194233333344,58.34593280833335,67.0,100.0,69.0,,,,,,57.949194233333344,58.40209215000001,57.0,83.0,145.0,55.557314,59.03557,F#:min,24.0
516,58.16658523333334,58.16600552400001,0.0,0.0,66.0,57.949194233333344,58.34593280833335,67.0,100.0,69.0,,,,,,58.16658523333334,59.05607674166668,66.0,95.0,146.0,55.557314,59.03557,F#:min,24.0
517,58.18470115000001,58.16600552400001,0.0,0.0,66.0,57.949194233333344,58.34593280833335,67.0,100.0,69.0,,,,,,58.16658523333334,59.05607674166668,66.0,95.0,146.0,55.557314,59.03557,F#:min,24.0
518,58.34593280833335,58.16600552400001,0.0,0.0,66.0,57.949194233333344,58.34593280833335,67.0,100.0,69.0,,,,,,58.16658523333334,59.05607674166668,66.0,95.0,146.0,55.557314,59.03557,F#:min,24.0
519,58.38397623333334,58.16600552400001,0.0,0.0,66.0,58.38397623333334,58.86585961666668,66.0,97.0,70.0,,,,,,58.38397623333334,58.70462795833334,54.0,83.0,147.0,55.557314,59.03557,F#:min,24.0
520,58.40209215000001,58.16600552400001,0.0,0.0,66.0,58.38397623333334,58.86585961666668,66.0,97.0,70.0,,,,,,58.38397623333334,58.70462795833334,54.0,83.0,147.0,55.557314,59.03557,F#:min,24.0
521,58.50897605833335,58.16600552400001,0.0,0.0,66.0,58.38397623333334,58.86585961666668,66.0,97.0,70.0,,,,,,58.38397623333334,58.70462795833334,54.0,83.0,147.0,55.557314,59.03557,F#:min,24.0
522,58.54520789166668,58.16600552400001,0.0,0.0,66.0,58.38397623333334,58.86585961666668,66.0,97.0,70.0,,,,,,58.38397623333334,58.70462795833334,54.0,83.0,147.0,55.557314,59.03557,F#:min,24.0
523,58.60136723333334,58.16600552400001,0.0,0.0,66.0,58.38397623333334,58.86585961666668,66.0,97.0,70.0,,,,,,58.60136723333334,58.985424666666674,61.0,88.0,148.0,55.557314,59.03557,F#:min,24.0
524,58.70462795833334,58.16600552400001,0.0,0.0,66.0,58.38397623333334,58.86585961666668,66.0,97.0,70.0,,,,,,58.60136723333334,58.985424666666674,61.0,88.0,148.0,55.557314,59.03557,F#:min,24.0
525,58.81875823333334,58.16600552400001,0.0,0.0,66.0,58.38397623333334,58.86585961666668,66.0,97.0,70.0,,,,,,58.81875823333334,59.034337641666674,57.0,82.0,149.0,55.557314,59.03557,F#:min,24.0
526,58.86585961666668,58.16600552400001,0.0,0.0,66.0,58.38397623333334,58.86585961666668,66.0,97.0,70.0,,,,,,58.81875823333334,59.034337641666674,57.0,82.0,149.0,55.557314,59.03557,F#:min,24.0
527,58.985424666666674,58.16600552400001,0.0,0.0,66.0,,,,,,,,,,,58.81875823333334,59.034337641666674,57.0,82.0,149.0,55.557314,59.03557,F#:min,24.0
528,59.034337641666674,58.16600552400001,0.0,0.0,66.0,,,,,,,,,,,58.81875823333334,59.034337641666674,57.0,82.0,149.0,55.557314,59.03557,F#:min,24.0
529,59.03556952400001,59.03556952400001,1.0,1.0,67.0,,,,,,,,,,,,,,,,55.557314,59.03557,F#:min,24.0
530,59.03557,59.03556952400001,1.0,1.0,67.0,,,,,,,,,,,,,,,,59.03557,62.513826,B:maj,25.0
531,59.03614923333334,59.03556952400001,1.0,1.0,67.0,59.03614923333334,60.22455336666668,66.0,107.0,71.0,,,,,,59.03614923333334,60.24991565000001,47.0,69.0,150.0,59.03557,62.513826,B:maj,25.0
532,59.05607674166668,59.03556952400001,1.0,1.0,67.0,59.03614923333334,60.22455336666668,66.0,107.0,71.0,,,,,,59.03614923333334,60.24991565000001,47.0,69.0,150.0,59.03557,62.513826,B:maj,25.0
533,59.25354023333334,59.03556952400001,1.0,1.0,67.0,59.03614923333334,60.22455336666668,66.0,107.0,71.0,,,,,,59.25354023333334,60.21187222500001,54.0,83.0,151.0,59.03557,62.513826,B:maj,25.0
534,59.47093123333335,59.03556952400001,1.0,1.0,67.0,59.03614923333334,60.22455336666668,66.0,107.0,71.0,,,,,,59.47093123333335,60.01803191666668,59.0,78.0,152.0,59.03557,62.513826,B:maj,25.0
535,59.68832223333335,59.03556952400001,1.0,1.0,67.0,59.03614923333334,60.22455336666668,66.0,107.0,71.0,,,,,,59.68832223333335,59.92564074166668,63.0,86.0,153.0,59.03557,62.513826,B:maj,25.0
536,59.905133524,59.905133524,0.0,0.0,68.0,59.03614923333334,60.22455336666668,66.0,107.0,71.0,,,,,,59.68832223333335,59.92564074166668,63.0,86.0,153.0,59.03557,62.513826,B:maj,25.0
537,59.905713233333344,59.905133524,0.0,0.0,68.0,59.03614923333334,60.22455336666668,66.0,107.0,71.0,,,,,,59.905713233333344,61.03433484166668,66.0,102.0,154.0,59.03557,62.513826,B:maj,25.0
538,59.92564074166668,59.905133524,0.0,0.0,68.0,59.03614923333334,60.22455336666668,66.0,107.0,71.0,,,,,,59.905713233333344,61.03433484166668,66.0,102.0,154.0,59.03557,62.513826,B:maj,25.0
539,60.01803191666668,59.905133524,0.0,0.0,68.0,59.03614923333334,60.22455336666668,66.0,107.0,71.0,,,,,,59.905713233333344,61.03433484166668,66.0,102.0,154.0,59.03557,62.513826,B:maj,25.0
540,60.12310423333334,59.905133524,0.0,0.0,68.0,59.03614923333334,60.22455336666668,66.0,107.0,71.0,,,,,,60.12310423333334,61.05245075833334,63.0,95.0,155.0,59.03557,62.513826,B:maj,25.0
541,60.21187222500001,59.905133524,0.0,0.0,68.0,59.03614923333334,60.22455336666668,66.0,107.0,71.0,,,,,,60.12310423333334,61.05245075833334,63.0,95.0,155.0,59.03557,62.513826,B:maj,25.0
542,60.22455336666668,59.905133524,0.0,0.0,68.0,59.03614923333334,60.22455336666668,66.0,107.0,71.0,,,,,,60.12310423333334,61.05245075833334,63.0,95.0,155.0,59.03557,62.513826,B:maj,25.0
543,60.24991565000001,59.905133524,0.0,0.0,68.0,,,,,,,,,,,60.12310423333334,61.05245075833334,63.0,95.0,155.0,59.03557,62.513826,B:maj,25.0
544,60.34049523333334,59.905133524,0.0,0.0,68.0,,,,,,,,,,,60.34049523333334,60.67382810000001,47.0,69.0,156.0,59.03557,62.513826,B:maj,25.0
545,60.67382810000001,59.905133524,0.0,0.0,68.0,,,,,,,,,,,60.34049523333334,60.67382810000001,47.0,69.0,156.0,59.03557,62.513826,B:maj,25.0
546,60.774697524,60.774697524,1.0,0.0,69.0,,,,,,,,,,,,,,,,59.03557,62.513826,B:maj,25.0
547,60.77527723333334,60.774697524,1.0,0.0,69.0,,,,,,,,,,,60.77527723333334,62.03433344166668,47.0,75.0,157.0,59.03557,62.513826,B:maj,25.0
548,60.99266823333334,60.774697524,1.0,0.0,69.0,,,,,,,,,,,60.99266823333334,61.78976856666667,54.0,77.0,158.0,59.03557,62.513826,B:maj,25.0
549,61.03433484166668,60.774697524,1.0,0.0,69.0,,,,,,,,,,,60.99266823333334,61.78976856666667,54.0,77.0,158.0,59.03557,62.513826,B:maj,25.0
550,61.05245075833334,60.774697524,1.0,0.0,69.0,,,,,,,,,,,60.99266823333334,61.78976856666667,54.0,77.0,158.0,59.03557,62.513826,B:maj,25.0
551,61.21005923333334,60.774697524,1.0,0.0,69.0,,,,,,,,,,,61.21005923333334,61.77346424166667,59.0,72.0,159.0,59.03557,62.513826,B:maj,25.0
552,61.42745023333335,60.774697524,1.0,0.0,69.0,,,,,,,,,,,61.42745023333335,61.82056562500001,63.0,68.0,160.0,59.03557,62.513826,B:maj,25.0
553,61.644261524,61.644261524,0.0,0.0,70.0,,,,,,,,,,,61.42745023333335,61.82056562500001,63.0,68.0,160.0,59.03557,62.513826,B:maj,25.0
554,61.64484123333335,61.644261524,0.0,0.0,70.0,61.64484123333335,61.936507491666674,64.0,93.0,72.0,,,,,,61.64484123333335,62.40208655000001,66.0,93.0,161.0,59.03557,62.513826,B:maj,25.0
555,61.77346424166667,61.644261524,0.0,0.0,70.0,61.64484123333335,61.936507491666674,64.0,93.0,72.0,,,,,,61.64484123333335,62.40208655000001,66.0,93.0,161.0,59.03557,62.513826,B:maj,25.0
556,61.78976856666667,61.644261524,0.0,0.0,70.0,61.64484123333335,61.936507491666674,64.0,93.0,72.0,,,,,,61.64484123333335,62.40208655000001,66.0,93.0,161.0,59.03557,62.513826,B:maj,25.0
557,61.82056562500001,61.644261524,0.0,0.0,70.0,61.64484123333335,61.936507491666674,64.0,93.0,72.0,,,,,,61.64484123333335,62.40208655000001,66.0,93.0,161.0,59.03557,62.513826,B:maj,25.0
558,61.862232233333344,61.644261524,0.0,0.0,70.0,61.64484123333335,61.936507491666674,64.0,93.0,72.0,,,,,,61.862232233333344,61.98723205833334,54.0,74.0,162.0,59.03557,62.513826,B:maj,25.0
559,61.936507491666674,61.644261524,0.0,0.0,70.0,61.64484123333335,61.936507491666674,64.0,93.0,72.0,,,,,,61.862232233333344,61.98723205833334,54.0,74.0,162.0,59.03557,62.513826,B:maj,25.0
560,61.98723205833334,61.644261524,0.0,0.0,70.0,,,,,,,,,,,61.862232233333344,61.98723205833334,54.0,74.0,162.0,59.03557,62.513826,B:maj,25.0
561,62.03433344166668,61.644261524,0.0,0.0,70.0,,,,,,,,,,,,,,,,59.03557,62.513826,B:maj,25.0
562,62.07962323333334,61.644261524,0.0,0.0,70.0,62.07962323333334,62.35860835000001,66.0,100.0,73.0,,,,,,62.07962323333334,62.44737634166668,63.0,93.0,163.0,59.03557,62.513826,B:maj,25.0
563,62.29701423333334,61.644261524,0.0,0.0,70.0,62.07962323333334,62.35860835000001,66.0,100.0,73.0,,,,,,62.29701423333334,62.51440523333334,59.0,76.0,164.0,59.03557,62.513826,B:maj,25.0
564,62.35860835000001,61.644261524,0.0,0.0,70.0,62.07962323333334,62.35860835000001,66.0,100.0,73.0,,,,,,62.29701423333334,62.51440523333334,59.0,76.0,164.0,59.03557,62.513826,B:maj,25.0
565,62.40208655000001,61.644261524,0.0,0.0,70.0,,,,,,,,,,,62.29701423333334,62.51440523333334,59.0,76.0,164.0,59.03557,62.513826,B:maj,25.0
566,62.44737634166668,61.644261524,0.0,0.0,70.0,,,,,,,,,,,62.29701423333334,62.51440523333334,59.0,76.0,164.0,59.03557,62.513826,B:maj,25.0
567,62.513825524000005,62.513825524000005,1.0,1.0,71.0,,,,,,,,,,,62.29701423333334,62.51440523333334,59.0,76.0,164.0,59.03557,62.513826,B:maj,25.0
568,62.513826,62.513825524000005,1.0,1.0,71.0,,,,,,,,,,,62.29701423333334,62.51440523333334,59.0,76.0,164.0,62.513826,64.252954,E:min,26.0
569,62.51440523333334,62.513825524000005,1.0,1.0,71.0,62.51440523333334,62.85317287500001,67.0,112.0,74.0,,,,,,62.51440523333334,63.80969327500001,40.0,85.0,165.0,62.513826,64.252954,E:min,26.0
570,62.73179623333334,62.513825524000005,1.0,1.0,71.0,62.51440523333334,62.85317287500001,67.0,112.0,74.0,,,,,,62.73179623333334,63.90570763333334,47.0,68.0,166.0,62.513826,64.252954,E:min,26.0
571,62.85317287500001,62.513825524000005,1.0,1.0,71.0,62.51440523333334,62.85317287500001,67.0,112.0,74.0,,,,,,62.73179623333334,63.90570763333334,47.0,68.0,166.0,62.513826,64.252954,E:min,26.0
572,62.94918723333334,62.513825524000005,1.0,1.0,71.0,,,,,,,,,,,62.94918723333334,63.37309968333334,52.0,85.0,167.0,62.513826,64.252954,E:min,26.0
573,63.16657823333334,62.513825524000005,1.0,1.0,71.0,63.16657823333334,63.58324431666668,67.0,112.0,75.0,,,,,,63.16657823333334,63.55969362500001,59.0,83.0,168.0,62.513826,64.252954,E:min,26.0
574,63.37309968333334,62.513825524000005,1.0,1.0,71.0,63.16657823333334,63.58324431666668,67.0,112.0,75.0,,,,,,63.16657823333334,63.55969362500001,59.0,83.0,168.0,62.513826,64.252954,E:min,26.0
575,63.383389524,63.383389524,0.0,0.0,72.0,63.16657823333334,63.58324431666668,67.0,112.0,75.0,,,,,,63.16657823333334,63.55969362500001,59.0,83.0,168.0,62.513826,64.252954,E:min,26.0
576,63.38396923333335,63.383389524,0.0,0.0,72.0,63.16657823333334,63.58324431666668,67.0,112.0,75.0,,,,,,63.38396923333335,64.49085174166667,67.0,86.0,169.0,62.513826,64.252954,E:min,26.0
577,63.55969362500001,63.383389524,0.0,0.0,72.0,63.16657823333334,63.58324431666668,67.0,112.0,75.0,,,,,,63.38396923333335,64.49085174166667,67.0,86.0,169.0,62.513826,64.252954,E:min,26.0
578,63.58324431666668,63.383389524,0.0,0.0,72.0,63.16657823333334,63.58324431666668,67.0,112.0,75.0,,,,,,63.38396923333335,64.49085174166667,67.0,86.0,169.0,62.513826,64.252954,E:min,26.0
579,63.60136023333335,63.383389524,0.0,0.0,72.0,,,,,,,,,,,63.60136023333335,63.85135988333335,52.0,72.0,170.0,62.513826,64.252954,E:min,26.0
580,63.80969327500001,63.383389524,0.0,0.0,72.0,,,,,,,,,,,63.60136023333335,63.85135988333335,52.0,72.0,170.0,62.513826,64.252954,E:min,26.0
581,63.818751233333344,63.383389524,0.0,0.0,72.0,63.818751233333344,63.88578012500001,67.0,100.0,76.0,,,,,,63.818751233333344,64.45280831666668,64.0,86.0,171.0,62.513826,64.252954,E:min,26.0
582,63.85135988333335,63.383389524,0.0,0.0,72.0,63.818751233333344,63.88578012500001,67.0,100.0,76.0,,,,,,63.818751233333344,64.45280831666668,64.0,86.0,171.0,62.513826,64.252954,E:min,26.0
583,63.88578012500001,63.383389524,0.0,0.0,72.0,63.818751233333344,63.88578012500001,67.0,100.0,76.0,,,,,,63.818751233333344,64.45280831666668,64.0,86.0,171.0,62.513826,64.252954,E:min,26.0
584,63.90570763333334,63.383389524,0.0,0.0,72.0,,,,,,,,,,,63.818751233333344,64.45280831666668,64.0,86.0,171.0,62.513826,64.252954,E:min,26.0
585,64.03614223333334,63.383389524,0.0,0.0,72.0,64.03614223333334,64.47454741666668,67.0,107.0,77.0,,,,,,64.03614223333334,64.41476489166668,59.0,78.0,172.0,62.513826,64.252954,E:min,26.0
586,64.252953524,64.252953524,1.0,0.0,73.0,64.03614223333334,64.47454741666668,67.0,107.0,77.0,,,,,,64.03614223333334,64.41476489166668,59.0,78.0,172.0,62.513826,64.252954,E:min,26.0
587,64.252954,64.252953524,1.0,0.0,73.0,64.03614223333334,64.47454741666668,67.0,107.0,77.0,,,,,,64.03614223333334,64.41476489166668,59.0,78.0,172.0,64.252954,65.992082,E:maj7/7,27.0
588,64.25353323333334,64.252953524,1.0,0.0,73.0,64.03614223333334,64.47454741666668,67.0,107.0,77.0,,,,,,64.25353323333334,65.69918338333335,39.0,66.0,173.0,64.252954,65.992082,E:maj7/7,27.0
589,64.41476489166668,64.252953524,1.0,0.0,73.0,64.03614223333334,64.47454741666668,67.0,107.0,77.0,,,,,,64.25353323333334,65.69918338333335,39.0,66.0,173.0,64.252954,65.992082,E:maj7/7,27.0
590,64.45280831666668,64.252953524,1.0,0.0,73.0,64.03614223333334,64.47454741666668,67.0,107.0,77.0,,,,,,64.25353323333334,65.69918338333335,39.0,66.0,173.0,64.252954,65.992082,E:maj7/7,27.0
591,64.47454741666668,64.252953524,1.0,0.0,73.0,64.03614223333334,64.47454741666668,67.0,107.0,77.0,,,,,,64.25353323333334,65.69918338333335,39.0,66.0,173.0,64.252954,65.992082,E:maj7/7,27.0
592,64.49085174166667,64.252953524,1.0,0.0,73.0,,,,,,,,,,,64.25353323333334,65.69918338333335,39.0,66.0,173.0,64.252954,65.992082,E:maj7/7,27.0
593,64.68831523333334,64.252953524,1.0,0.0,73.0,64.68831523333334,65.06874948333335,66.0,99.0,78.0,,,,,,64.68831523333334,65.17925657500001,52.0,72.0,174.0,64.252954,65.992082,E:maj7/7,27.0
594,64.90570623333335,64.252953524,1.0,0.0,73.0,64.68831523333334,65.06874948333335,66.0,99.0,78.0,,,,,,64.90570623333335,65.24628546666668,59.0,66.0,175.0,64.252954,65.992082,E:maj7/7,27.0
595,65.06874948333335,64.252953524,1.0,0.0,73.0,64.68831523333334,65.06874948333335,66.0,99.0,78.0,,,,,,64.90570623333335,65.24628546666668,59.0,66.0,175.0,64.252954,65.992082,E:maj7/7,27.0
596,65.122517524,65.122517524,0.0,0.0,74.0,,,,,,,,,,,64.90570623333335,65.24628546666668,59.0,66.0,175.0,64.252954,65.992082,E:maj7/7,27.0
597,65.12309723333334,65.122517524,0.0,0.0,74.0,65.12309723333334,65.55606764166667,59.0,96.0,79.0,,,,,,65.12309723333334,65.88034255000001,67.0,89.0,176.0,64.252954,65.992082,E:maj7/7,27.0
598,65.17925657500001,65.122517524,0.0,0.0,74.0,65.12309723333334,65.55606764166667,59.0,96.0,79.0,,,,,,65.12309723333334,65.88034255000001,67.0,89.0,176.0,64.252954,65.992082,E:maj7/7,27.0
599,65.24628546666668,65.122517524,0.0,0.0,74.0,65.12309723333334,65.55606764166667,59.0,96.0,79.0,,,,,,65.12309723333334,65.88034255000001,67.0,89.0,176.0,64.252954,65.992082,E:maj7/7,27.0
600,65.34048823333335,65.122517524,0.0,0.0,74.0,65.12309723333334,65.55606764166667,59.0,96.0,79.0,,,,,,65.34048823333335,65.65389359166667,52.0,59.0,177.0,64.252954,65.992082,E:maj7/7,27.0
601,65.55606764166667,65.122517524,0.0,0.0,74.0,65.12309723333334,65.55606764166667,59.0,96.0,79.0,,,,,,65.34048823333335,65.65389359166667,52.0,59.0,177.0,64.252954,65.992082,E:maj7/7,27.0
602,65.55787923333334,65.122517524,0.0,0.0,74.0,65.55787923333334,65.90027005833335,62.0,99.0,80.0,,,,,,65.55787923333334,65.89483528333335,64.0,71.0,178.0,64.252954,65.992082,E:maj7/7,27.0
603,65.65389359166667,65.122517524,0.0,0.0,74.0,65.55787923333334,65.90027005833335,62.0,99.0,80.0,,,,,,65.55787923333334,65.89483528333335,64.0,71.0,178.0,64.252954,65.992082,E:maj7/7,27.0
604,65.69918338333335,65.122517524,0.0,0.0,74.0,65.55787923333334,65.90027005833335,62.0,99.0,80.0,,,,,,65.55787923333334,65.89483528333335,64.0,71.0,178.0,64.252954,65.992082,E:maj7/7,27.0
605,65.77527023333334,65.122517524,0.0,0.0,74.0,65.55787923333334,65.90027005833335,62.0,99.0,80.0,,,,,,65.77527023333334,65.95461780833334,59.0,71.0,179.0,64.252954,65.992082,E:maj7/7,27.0
606,65.88034255000001,65.122517524,0.0,0.0,74.0,65.55787923333334,65.90027005833335,62.0,99.0,80.0,,,,,,65.77527023333334,65.95461780833334,59.0,71.0,179.0,64.252954,65.992082,E:maj7/7,27.0
607,65.89483528333335,65.122517524,0.0,0.0,74.0,65.55787923333334,65.90027005833335,62.0,99.0,80.0,,,,,,65.77527023333334,65.95461780833334,59.0,71.0,179.0,64.252954,65.992082,E:maj7/7,27.0
608,65.90027005833335,65.122517524,0.0,0.0,74.0,65.55787923333334,65.90027005833335,62.0,99.0,80.0,,,,,,65.77527023333334,65.95461780833334,59.0,71.0,179.0,64.252954,65.992082,E:maj7/7,27.0
609,65.95461780833334,65.122517524,0.0,0.0,74.0,,,,,,,,,,,65.77527023333334,65.95461780833334,59.0,71.0,179.0,64.252954,65.992082,E:maj7/7,27.0
610,65.992081524,65.992081524,1.0,1.0,75.0,,,,,,,,,,,,,,,,64.252954,65.992082,E:maj7/7,27.0
611,65.992082,65.992081524,1.0,1.0,75.0,,,,,,,,,,,,,,,,65.992082,67.73121,D:maj,28.0
612,65.99266123333334,65.992081524,1.0,1.0,75.0,65.99266123333334,66.55244305833334,62.0,95.0,81.0,,,,,,65.99266123333334,67.10860170000001,38.0,75.0,180.0,65.992082,67.73121,D:maj,28.0
613,66.21005223333334,65.992081524,1.0,1.0,75.0,65.99266123333334,66.55244305833334,62.0,95.0,81.0,,,,,,66.21005223333334,67.14845671666667,45.0,86.0,181.0,65.992082,67.73121,D:maj,28.0
614,66.42744323333335,65.992081524,1.0,1.0,75.0,65.99266123333334,66.55244305833334,62.0,95.0,81.0,,,,,,66.42744323333335,66.86584841666668,50.0,79.0,182.0,65.992082,67.73121,D:maj,28.0
615,66.55244305833334,65.992081524,1.0,1.0,75.0,65.99266123333334,66.55244305833334,62.0,95.0,81.0,,,,,,66.42744323333335,66.86584841666668,50.0,79.0,182.0,65.992082,67.73121,D:maj,28.0
616,66.64483423333334,65.992081524,1.0,1.0,75.0,66.64483423333334,67.15932626666668,64.0,102.0,82.0,,,,,,66.64483423333334,67.07418145833334,57.0,78.0,183.0,65.992082,67.73121,D:maj,28.0
617,66.86164552400001,66.86164552400001,0.0,0.0,76.0,66.64483423333334,67.15932626666668,64.0,102.0,82.0,,,,,,66.64483423333334,67.07418145833334,57.0,78.0,183.0,65.992082,67.73121,D:maj,28.0
618,66.86222523333335,66.86164552400001,0.0,0.0,76.0,66.64483423333334,67.15932626666668,64.0,102.0,82.0,,,,,,66.86222523333335,67.59229667500001,66.0,107.0,184.0,65.992082,67.73121,D:maj,28.0
619,66.86584841666668,66.86164552400001,0.0,0.0,76.0,66.64483423333334,67.15932626666668,64.0,102.0,82.0,,,,,,66.86222523333335,67.59229667500001,66.0,107.0,184.0,65.992082,67.73121,D:maj,28.0
620,67.07418145833334,66.86164552400001,0.0,0.0,76.0,66.64483423333334,67.15932626666668,64.0,102.0,82.0,,,,,,66.86222523333335,67.59229667500001,66.0,107.0,184.0,65.992082,67.73121,D:maj,28.0
621,67.07961623333334,66.86164552400001,0.0,0.0,76.0,66.64483423333334,67.15932626666668,64.0,102.0,82.0,,,,,,67.07961623333334,67.34048543333334,50.0,61.0,185.0,65.992082,67.73121,D:maj,28.0
622,67.10860170000001,66.86164552400001,0.0,0.0,76.0,66.64483423333334,67.15932626666668,64.0,102.0,82.0,,,,,,67.07961623333334,67.34048543333334,50.0,61.0,185.0,65.992082,67.73121,D:maj,28.0
623,67.14845671666667,66.86164552400001,0.0,0.0,76.0,66.64483423333334,67.15932626666668,64.0,102.0,82.0,,,,,,67.07961623333334,67.34048543333334,50.0,61.0,185.0,65.992082,67.73121,D:maj,28.0
624,67.15932626666668,66.86164552400001,0.0,0.0,76.0,66.64483423333334,67.15932626666668,64.0,102.0,82.0,,,,,,67.07961623333334,67.34048543333334,50.0,61.0,185.0,65.992082,67.73121,D:maj,28.0
625,67.29700723333335,66.86164552400001,0.0,0.0,76.0,67.29700723333335,67.76983265833334,66.0,96.0,83.0,,,,,,67.29700723333335,67.72997764166668,62.0,64.0,186.0,65.992082,67.73121,D:maj,28.0
626,67.34048543333334,66.86164552400001,0.0,0.0,76.0,67.29700723333335,67.76983265833334,66.0,96.0,83.0,,,,,,67.29700723333335,67.72997764166668,62.0,64.0,186.0,65.992082,67.73121,D:maj,28.0
627,67.51439823333334,66.86164552400001,0.0,0.0,76.0,67.29700723333335,67.76983265833334,66.0,96.0,83.0,,,,,,67.51439823333334,67.73178923333334,57.0,78.0,187.0,65.992082,67.73121,D:maj,28.0
628,67.59229667500001,66.86164552400001,0.0,0.0,76.0,67.29700723333335,67.76983265833334,66.0,96.0,83.0,,,,,,67.51439823333334,67.73178923333334,57.0,78.0,187.0,65.992082,67.73121,D:maj,28.0
629,67.72997764166668,66.86164552400001,0.0,0.0,76.0,67.29700723333335,67.76983265833334,66.0,96.0,83.0,,,,,,67.51439823333334,67.73178923333334,57.0,78.0,187.0,65.992082,67.73121,D:maj,28.0
630,67.73120952400001,67.73120952400001,1.0,0.0,77.0,67.29700723333335,67.76983265833334,66.0,96.0,83.0,,,,,,67.51439823333334,67.73178923333334,57.0,78.0,187.0,65.992082,67.73121,D:maj,28.0
631,67.73121,67.73120952400001,1.0,0.0,77.0,67.29700723333335,67.76983265833334,66.0,96.0,83.0,,,,,,67.51439823333334,67.73178923333334,57.0,78.0,187.0,67.73121,69.470338,A:maj,29.0
632,67.73178923333334,67.73120952400001,1.0,0.0,77.0,67.73178923333334,68.23360012500001,64.0,92.0,84.0,,,,,,67.73178923333334,69.09410616666668,45.0,77.0,188.0,67.73121,69.470338,A:maj,29.0
633,67.76983265833334,67.73120952400001,1.0,0.0,77.0,67.73178923333334,68.23360012500001,64.0,92.0,84.0,,,,,,67.73178923333334,69.09410616666668,45.0,77.0,188.0,67.73121,69.470338,A:maj,29.0
634,67.94918023333335,67.73120952400001,1.0,0.0,77.0,67.73178923333334,68.23360012500001,64.0,92.0,84.0,,,,,,67.94918023333335,68.70461395833334,52.0,72.0,189.0,67.73121,69.470338,A:maj,29.0
635,68.16657123333334,67.73120952400001,1.0,0.0,77.0,67.73178923333334,68.23360012500001,64.0,92.0,84.0,,,,,,68.16657123333334,68.45461430833335,57.0,79.0,190.0,67.73121,69.470338,A:maj,29.0
636,68.23360012500001,67.73120952400001,1.0,0.0,77.0,67.73178923333334,68.23360012500001,64.0,92.0,84.0,,,,,,68.16657123333334,68.45461430833335,57.0,79.0,190.0,67.73121,69.470338,A:maj,29.0
637,68.38396223333335,67.73120952400001,1.0,0.0,77.0,,,,,,,,,,,68.38396223333335,69.38577242500001,64.0,102.0,191.0,67.73121,69.470338,A:maj,29.0
638,68.45461430833335,67.73120952400001,1.0,0.0,77.0,,,,,,,,,,,68.38396223333335,69.38577242500001,64.0,102.0,191.0,67.73121,69.470338,A:maj,29.0
639,68.600773524,68.600773524,0.0,0.0,78.0,,,,,,,,,,,68.38396223333335,69.38577242500001,64.0,102.0,191.0,67.73121,69.470338,A:maj,29.0
640,68.60135323333334,68.600773524,0.0,0.0,78.0,68.60135323333334,68.89120790000001,66.0,127.0,85.0,,,,,,68.60135323333334,69.09048298333335,61.0,95.0,192.0,67.73121,69.470338,A:maj,29.0
641,68.70461395833334,68.600773524,0.0,0.0,78.0,68.60135323333334,68.89120790000001,66.0,127.0,85.0,,,,,,68.60135323333334,69.09048298333335,61.0,95.0,192.0,67.73121,69.470338,A:maj,29.0
642,68.81874423333335,68.600773524,0.0,0.0,78.0,68.60135323333334,68.89120790000001,66.0,127.0,85.0,,,,,,68.81874423333335,69.05243955833335,52.0,73.0,193.0,67.73121,69.470338,A:maj,29.0
643,68.89120790000001,68.600773524,0.0,0.0,78.0,68.60135323333334,68.89120790000001,66.0,127.0,85.0,,,,,,68.81874423333335,69.05243955833335,52.0,73.0,193.0,67.73121,69.470338,A:maj,29.0
644,69.03613523333334,68.600773524,0.0,0.0,78.0,69.03613523333334,69.28613488333335,67.0,93.0,86.0,,,,,,69.03613523333334,69.42562744166668,57.0,92.0,194.0,67.73121,69.470338,A:maj,29.0
645,69.05243955833335,68.600773524,0.0,0.0,78.0,69.03613523333334,69.28613488333335,67.0,93.0,86.0,,,,,,69.03613523333334,69.42562744166668,57.0,92.0,194.0,67.73121,69.470338,A:maj,29.0
646,69.09048298333335,68.600773524,0.0,0.0,78.0,69.03613523333334,69.28613488333335,67.0,93.0,86.0,,,,,,69.03613523333334,69.42562744166668,57.0,92.0,194.0,67.73121,69.470338,A:maj,29.0
647,69.09410616666668,68.600773524,0.0,0.0,78.0,69.03613523333334,69.28613488333335,67.0,93.0,86.0,,,,,,69.03613523333334,69.42562744166668,57.0,92.0,194.0,67.73121,69.470338,A:maj,29.0
648,69.25352623333335,68.600773524,0.0,0.0,78.0,69.03613523333334,69.28613488333335,67.0,93.0,86.0,,,,,,69.25352623333335,69.46367086666667,61.0,78.0,195.0,67.73121,69.470338,A:maj,29.0
649,69.28613488333335,68.600773524,0.0,0.0,78.0,69.03613523333334,69.28613488333335,67.0,93.0,86.0,,,,,,69.25352623333335,69.46367086666667,61.0,78.0,195.0,67.73121,69.470338,A:maj,29.0
650,69.38577242500001,68.600773524,0.0,0.0,78.0,,,,,,,,,,,69.25352623333335,69.46367086666667,61.0,78.0,195.0,67.73121,69.470338,A:maj,29.0
651,69.42562744166668,68.600773524,0.0,0.0,78.0,,,,,,,,,,,69.25352623333335,69.46367086666667,61.0,78.0,195.0,67.73121,69.470338,A:maj,29.0
652,69.46367086666667,68.600773524,0.0,0.0,78.0,,,,,,,,,,,69.25352623333335,69.46367086666667,61.0,78.0,195.0,67.73121,69.470338,A:maj,29.0
653,69.470337524,69.470337524,1.0,1.0,79.0,,,,,,,,,,,,,,,,67.73121,69.470338,A:maj,29.0
654,69.470338,69.470337524,1.0,1.0,79.0,,,,,,,,,,,,,,,,69.470338,72.948594,F#:min,30.0
655,69.47091723333334,69.470337524,1.0,1.0,79.0,69.47091723333334,69.82961238333334,69.0,117.0,87.0,,,,,,69.47091723333334,71.092291775,42.0,89.0,196.0,69.470338,72.948594,F#:min,30.0
656,69.68830823333334,69.470337524,1.0,1.0,79.0,69.47091723333334,69.82961238333334,69.0,117.0,87.0,,,,,,69.68830823333334,71.19374090833334,49.0,34.0,197.0,69.470338,72.948594,F#:min,30.0
657,69.82961238333334,69.470337524,1.0,1.0,79.0,69.47091723333334,69.82961238333334,69.0,117.0,87.0,,,,,,69.68830823333334,71.19374090833334,49.0,34.0,197.0,69.470338,72.948594,F#:min,30.0
658,69.90569923333335,69.470337524,1.0,1.0,79.0,,,,,,,,,,,69.90569923333335,70.32961168333334,54.0,83.0,198.0,69.470338,72.948594,F#:min,30.0
659,70.12309023333334,69.470337524,1.0,1.0,79.0,70.12309023333334,70.56330700833334,69.0,102.0,88.0,,,,,,70.12309023333334,70.51077085000001,57.0,93.0,199.0,69.470338,72.948594,F#:min,30.0
660,70.32961168333334,69.470337524,1.0,1.0,79.0,70.12309023333334,70.56330700833334,69.0,102.0,88.0,,,,,,70.12309023333334,70.51077085000001,57.0,93.0,199.0,69.470338,72.948594,F#:min,30.0
661,70.339901524,70.339901524,0.0,0.0,80.0,70.12309023333334,70.56330700833334,69.0,102.0,88.0,,,,,,70.12309023333334,70.51077085000001,57.0,93.0,199.0,69.470338,72.948594,F#:min,30.0
662,70.34048123333335,70.339901524,0.0,0.0,80.0,70.12309023333334,70.56330700833334,69.0,102.0,88.0,,,,,,70.34048123333335,71.44736374166668,66.0,89.0,200.0,69.470338,72.948594,F#:min,30.0
663,70.51077085000001,70.339901524,0.0,0.0,80.0,70.12309023333334,70.56330700833334,69.0,102.0,88.0,,,,,,70.34048123333335,71.44736374166668,66.0,89.0,200.0,69.470338,72.948594,F#:min,30.0
664,70.55787223333334,70.339901524,0.0,0.0,80.0,70.12309023333334,70.56330700833334,69.0,102.0,88.0,,,,,,70.55787223333334,71.21548000833334,54.0,75.0,201.0,69.470338,72.948594,F#:min,30.0
665,70.56330700833334,70.339901524,0.0,0.0,80.0,70.12309023333334,70.56330700833334,69.0,102.0,88.0,,,,,,70.55787223333334,71.21548000833334,54.0,75.0,201.0,69.470338,72.948594,F#:min,30.0
666,70.77526323333335,70.339901524,0.0,0.0,80.0,70.77526323333335,70.86765440833335,69.0,102.0,89.0,,,,,,70.77526323333335,71.34591460833335,61.0,63.0,202.0,69.470338,72.948594,F#:min,30.0
667,70.86765440833335,70.339901524,0.0,0.0,80.0,70.77526323333335,70.86765440833335,69.0,102.0,89.0,,,,,,70.77526323333335,71.34591460833335,61.0,63.0,202.0,69.470338,72.948594,F#:min,30.0
668,70.99265423333334,70.339901524,0.0,0.0,80.0,70.99265423333334,71.31149436666668,69.0,112.0,90.0,,,,,,70.99265423333334,71.42018986666668,57.0,74.0,203.0,69.470338,72.948594,F#:min,30.0
669,71.092291775,70.339901524,0.0,0.0,80.0,70.99265423333334,71.31149436666668,69.0,112.0,90.0,,,,,,70.99265423333334,71.42018986666668,57.0,74.0,203.0,69.470338,72.948594,F#:min,30.0
670,71.19374090833334,70.339901524,0.0,0.0,80.0,70.99265423333334,71.31149436666668,69.0,112.0,90.0,,,,,,70.99265423333334,71.42018986666668,57.0,74.0,203.0,69.470338,72.948594,F#:min,30.0
671,71.20946552400001,71.20946552400001,1.0,0.0,81.0,70.99265423333334,71.31149436666668,69.0,112.0,90.0,,,,,,70.99265423333334,71.42018986666668,57.0,74.0,203.0,69.470338,72.948594,F#:min,30.0
672,71.21004523333335,71.20946552400001,1.0,0.0,81.0,70.99265423333334,71.31149436666668,69.0,112.0,90.0,,,,,,71.21004523333335,72.47997099166668,42.0,83.0,204.0,69.470338,72.948594,F#:min,30.0
673,71.21548000833334,71.20946552400001,1.0,0.0,81.0,70.99265423333334,71.31149436666668,69.0,112.0,90.0,,,,,,71.21004523333335,72.47997099166668,42.0,83.0,204.0,69.470338,72.948594,F#:min,30.0
674,71.31149436666668,71.20946552400001,1.0,0.0,81.0,70.99265423333334,71.31149436666668,69.0,112.0,90.0,,,,,,71.21004523333335,72.47997099166668,42.0,83.0,204.0,69.470338,72.948594,F#:min,30.0
675,71.34591460833335,71.20946552400001,1.0,0.0,81.0,,,,,,,,,,,71.21004523333335,72.47997099166668,42.0,83.0,204.0,69.470338,72.948594,F#:min,30.0
676,71.42018986666668,71.20946552400001,1.0,0.0,81.0,,,,,,,,,,,71.21004523333335,72.47997099166668,42.0,83.0,204.0,69.470338,72.948594,F#:min,30.0
677,71.42743623333334,71.20946552400001,1.0,0.0,81.0,,,,,,,,,,,71.42743623333334,72.46547825833335,49.0,35.0,205.0,69.470338,72.948594,F#:min,30.0
678,71.44736374166668,71.20946552400001,1.0,0.0,81.0,,,,,,,,,,,71.42743623333334,72.46547825833335,49.0,35.0,205.0,69.470338,72.948594,F#:min,30.0
679,71.64482723333334,71.20946552400001,1.0,0.0,81.0,71.64482723333334,71.72816045,67.0,93.0,91.0,,,,,,71.64482723333334,72.13939175833335,54.0,70.0,206.0,69.470338,72.948594,F#:min,30.0
680,71.72816045,71.20946552400001,1.0,0.0,81.0,71.64482723333334,71.72816045,67.0,93.0,91.0,,,,,,71.64482723333334,72.13939175833335,54.0,70.0,206.0,69.470338,72.948594,F#:min,30.0
681,71.86221823333335,71.20946552400001,1.0,0.0,81.0,71.86221823333335,72.15931926666667,67.0,100.0,92.0,,,,,,71.86221823333335,72.31149296666668,57.0,85.0,207.0,69.470338,72.948594,F#:min,30.0
682,72.079029524,72.079029524,0.0,0.0,82.0,71.86221823333335,72.15931926666667,67.0,100.0,92.0,,,,,,71.86221823333335,72.31149296666668,57.0,85.0,207.0,69.470338,72.948594,F#:min,30.0
683,72.07960923333334,72.079029524,0.0,0.0,82.0,71.86221823333335,72.15931926666667,67.0,100.0,92.0,,,,,,72.07960923333334,72.93649209166668,66.0,102.0,208.0,69.470338,72.948594,F#:min,30.0
684,72.13939175833335,72.079029524,0.0,0.0,82.0,71.86221823333335,72.15931926666667,67.0,100.0,92.0,,,,,,72.07960923333334,72.93649209166668,66.0,102.0,208.0,69.470338,72.948594,F#:min,30.0
685,72.15931926666667,72.079029524,0.0,0.0,82.0,71.86221823333335,72.15931926666667,67.0,100.0,92.0,,,,,,72.07960923333334,72.93649209166668,66.0,102.0,208.0,69.470338,72.948594,F#:min,30.0
686,72.29700023333335,72.079029524,0.0,0.0,82.0,72.29700023333335,72.51801441666667,66.0,102.0,93.0,,,,,,72.29700023333335,72.53250715000001,54.0,82.0,209.0,69.470338,72.948594,F#:min,30.0
687,72.31149296666668,72.079029524,0.0,0.0,82.0,72.29700023333335,72.51801441666667,66.0,102.0,93.0,,,,,,72.29700023333335,72.53250715000001,54.0,82.0,209.0,69.470338,72.948594,F#:min,30.0
688,72.46547825833335,72.079029524,0.0,0.0,82.0,72.29700023333335,72.51801441666667,66.0,102.0,93.0,,,,,,72.29700023333335,72.53250715000001,54.0,82.0,209.0,69.470338,72.948594,F#:min,30.0
689,72.47997099166668,72.079029524,0.0,0.0,82.0,72.29700023333335,72.51801441666667,66.0,102.0,93.0,,,,,,72.29700023333335,72.53250715000001,54.0,82.0,209.0,69.470338,72.948594,F#:min,30.0
690,72.51439123333334,72.079029524,0.0,0.0,82.0,72.29700023333335,72.51801441666667,66.0,102.0,93.0,,,,,,72.51439123333334,72.87489797500001,61.0,86.0,210.0,69.470338,72.948594,F#:min,30.0
691,72.51801441666667,72.079029524,0.0,0.0,82.0,72.29700023333335,72.51801441666667,66.0,102.0,93.0,,,,,,72.51439123333334,72.87489797500001,61.0,86.0,210.0,69.470338,72.948594,F#:min,30.0
692,72.53250715000001,72.079029524,0.0,0.0,82.0,,,,,,,,,,,72.51439123333334,72.87489797500001,61.0,86.0,210.0,69.470338,72.948594,F#:min,30.0
693,72.73178223333335,72.079029524,0.0,0.0,82.0,72.73178223333335,72.81692704166667,66.0,102.0,94.0,,,,,,72.73178223333335,72.91656458333334,57.0,85.0,211.0,69.470338,72.948594,F#:min,30.0
694,72.81692704166667,72.079029524,0.0,0.0,82.0,72.73178223333335,72.81692704166667,66.0,102.0,94.0,,,,,,72.73178223333335,72.91656458333334,57.0,85.0,211.0,69.470338,72.948594,F#:min,30.0
695,72.87489797500001,72.079029524,0.0,0.0,82.0,,,,,,,,,,,72.73178223333335,72.91656458333334,57.0,85.0,211.0,69.470338,72.948594,F#:min,30.0
696,72.91656458333334,72.079029524,0.0,0.0,82.0,,,,,,,,,,,72.73178223333335,72.91656458333334,57.0,85.0,211.0,69.470338,72.948594,F#:min,30.0
697,72.93649209166668,72.079029524,0.0,0.0,82.0,,,,,,,,,,,,,,,,69.470338,72.948594,F#:min,30.0
698,72.948593524,72.948593524,1.0,1.0,83.0,,,,,,,,,,,,,,,,69.470338,72.948594,F#:min,30.0
699,72.948594,72.948593524,1.0,1.0,83.0,,,,,,,,,,,,,,,,72.948594,76.42685,B:maj,31.0
700,72.94917323333334,72.948593524,1.0,1.0,83.0,72.94917323333334,73.24627426666667,66.0,117.0,95.0,,,,,,72.94917323333334,74.10859190000001,47.0,78.0,212.0,72.948594,76.42685,B:maj,31.0
701,73.16656423333335,72.948593524,1.0,1.0,83.0,72.94917323333334,73.24627426666667,66.0,117.0,95.0,,,,,,73.16656423333335,74.19554830000001,54.0,79.0,213.0,72.948594,76.42685,B:maj,31.0
702,73.24627426666667,72.948593524,1.0,1.0,83.0,72.94917323333334,73.24627426666667,66.0,117.0,95.0,,,,,,73.16656423333335,74.19554830000001,54.0,79.0,213.0,72.948594,76.42685,B:maj,31.0
703,73.38395523333334,72.948593524,1.0,1.0,83.0,73.38395523333334,73.51982460833335,66.0,102.0,96.0,,,,,,73.38395523333334,73.63214329166668,59.0,79.0,214.0,72.948594,76.42685,B:maj,31.0
704,73.51982460833335,72.948593524,1.0,1.0,83.0,73.38395523333334,73.51982460833335,66.0,102.0,96.0,,,,,,73.38395523333334,73.63214329166668,59.0,79.0,214.0,72.948594,76.42685,B:maj,31.0
705,73.60134623333335,72.948593524,1.0,1.0,83.0,73.60134623333335,73.98540366666668,66.0,112.0,97.0,,,,,,73.60134623333335,74.86221403333334,63.0,90.0,215.0,72.948594,76.42685,B:maj,31.0
706,73.63214329166668,72.948593524,1.0,1.0,83.0,73.60134623333335,73.98540366666668,66.0,112.0,97.0,,,,,,73.60134623333335,74.86221403333334,63.0,90.0,215.0,72.948594,76.42685,B:maj,31.0
707,73.818157524,73.818157524,0.0,0.0,84.0,73.60134623333335,73.98540366666668,66.0,112.0,97.0,,,,,,73.60134623333335,74.86221403333334,63.0,90.0,215.0,72.948594,76.42685,B:maj,31.0
708,73.81873723333335,73.818157524,0.0,0.0,84.0,73.60134623333335,73.98540366666668,66.0,112.0,97.0,,,,,,73.81873723333335,74.842286525,66.0,99.0,216.0,72.948594,76.42685,B:maj,31.0
709,73.98540366666668,73.818157524,0.0,0.0,84.0,73.60134623333335,73.98540366666668,66.0,112.0,97.0,,,,,,73.81873723333335,74.842286525,66.0,99.0,216.0,72.948594,76.42685,B:maj,31.0
710,74.03612823333334,73.818157524,0.0,0.0,84.0,74.03612823333334,74.57054777500001,67.0,97.0,98.0,,,,,,74.03612823333334,74.81330105833335,59.0,75.0,217.0,72.948594,76.42685,B:maj,31.0
711,74.10859190000001,73.818157524,0.0,0.0,84.0,74.03612823333334,74.57054777500001,67.0,97.0,98.0,,,,,,74.03612823333334,74.81330105833335,59.0,75.0,217.0,72.948594,76.42685,B:maj,31.0
712,74.19554830000001,73.818157524,0.0,0.0,84.0,74.03612823333334,74.57054777500001,67.0,97.0,98.0,,,,,,74.03612823333334,74.81330105833335,59.0,75.0,217.0,72.948594,76.42685,B:maj,31.0
713,74.25351923333335,73.818157524,0.0,0.0,84.0,74.03612823333334,74.57054777500001,67.0,97.0,98.0,,,,,,74.25351923333335,74.57417095833334,47.0,79.0,218.0,72.948594,76.42685,B:maj,31.0
714,74.57054777500001,73.818157524,0.0,0.0,84.0,74.03612823333334,74.57054777500001,67.0,97.0,98.0,,,,,,74.25351923333335,74.57417095833334,47.0,79.0,218.0,72.948594,76.42685,B:maj,31.0
715,74.57417095833334,73.818157524,0.0,0.0,84.0,,,,,,,,,,,74.25351923333335,74.57417095833334,47.0,79.0,218.0,72.948594,76.42685,B:maj,31.0
716,74.68772152400001,74.68772152400001,1.0,0.0,85.0,,,,,,,,,,,,,,,,72.948594,76.42685,B:maj,31.0
717,74.68830123333335,74.68772152400001,1.0,0.0,85.0,74.68830123333335,75.07960503333335,66.0,102.0,99.0,,,,,,74.68830123333335,75.90206765,47.0,85.0,219.0,72.948594,76.42685,B:maj,31.0
718,74.81330105833335,74.68772152400001,1.0,0.0,85.0,74.68830123333335,75.07960503333335,66.0,102.0,99.0,,,,,,74.68830123333335,75.90206765,47.0,85.0,219.0,72.948594,76.42685,B:maj,31.0
719,74.842286525,74.68772152400001,1.0,0.0,85.0,74.68830123333335,75.07960503333335,66.0,102.0,99.0,,,,,,74.68830123333335,75.90206765,47.0,85.0,219.0,72.948594,76.42685,B:maj,31.0
720,74.86221403333334,74.68772152400001,1.0,0.0,85.0,74.68830123333335,75.07960503333335,66.0,102.0,99.0,,,,,,74.68830123333335,75.90206765,47.0,85.0,219.0,72.948594,76.42685,B:maj,31.0
721,74.90569223333334,74.68772152400001,1.0,0.0,85.0,74.68830123333335,75.07960503333335,66.0,102.0,99.0,,,,,,74.90569223333334,75.60858980000002,59.0,69.0,220.0,72.948594,76.42685,B:maj,31.0
722,75.07960503333335,74.68772152400001,1.0,0.0,85.0,74.68830123333335,75.07960503333335,66.0,102.0,99.0,,,,,,74.90569223333334,75.60858980000002,59.0,69.0,220.0,72.948594,76.42685,B:maj,31.0
723,75.12308323333335,74.68772152400001,1.0,0.0,85.0,,,,,,,,,,,75.12308323333335,76.37489307500002,63.0,78.0,221.0,72.948594,76.42685,B:maj,31.0
724,75.55728552400001,75.55728552400001,0.0,0.0,86.0,,,,,,,,,,,75.12308323333335,76.37489307500002,63.0,78.0,221.0,72.948594,76.42685,B:maj,31.0
725,75.55786523333335,75.55728552400001,0.0,0.0,86.0,75.55786523333335,75.84409671666668,64.0,99.0,100.0,,,,,,75.55786523333335,76.41474809166668,66.0,99.0,222.0,72.948594,76.42685,B:maj,31.0
726,75.60858980000002,75.55728552400001,0.0,0.0,86.0,75.55786523333335,75.84409671666668,64.0,99.0,100.0,,,,,,75.55786523333335,76.41474809166668,66.0,99.0,222.0,72.948594,76.42685,B:maj,31.0
727,75.84409671666668,75.55728552400001,0.0,0.0,86.0,75.55786523333335,75.84409671666668,64.0,99.0,100.0,,,,,,75.55786523333335,76.41474809166668,66.0,99.0,222.0,72.948594,76.42685,B:maj,31.0
728,75.90206765,75.55728552400001,0.0,0.0,86.0,,,,,,,,,,,75.55786523333335,76.41474809166668,66.0,99.0,222.0,72.948594,76.42685,B:maj,31.0
729,75.99264723333334,75.55728552400001,0.0,0.0,86.0,75.99264723333334,76.06148771666668,66.0,95.0,101.0,,,,,,75.55786523333335,76.41474809166668,66.0,99.0,222.0,72.948594,76.42685,B:maj,31.0
730,76.06148771666668,75.55728552400001,0.0,0.0,86.0,75.99264723333334,76.06148771666668,66.0,95.0,101.0,,,,,,75.55786523333335,76.41474809166668,66.0,99.0,222.0,72.948594,76.42685,B:maj,31.0
731,76.21003823333335,75.55728552400001,0.0,0.0,86.0,76.21003823333335,76.81148666666668,67.0,86.0,102.0,,,,,,75.55786523333335,76.41474809166668,66.0,99.0,222.0,72.948594,76.42685,B:maj,31.0
732,76.37489307500002,75.55728552400001,0.0,0.0,86.0,76.21003823333335,76.81148666666668,67.0,86.0,102.0,,,,,,75.55786523333335,76.41474809166668,66.0,99.0,222.0,72.948594,76.42685,B:maj,31.0
733,76.41474809166668,75.55728552400001,0.0,0.0,86.0,76.21003823333335,76.81148666666668,67.0,86.0,102.0,,,,,,75.55786523333335,76.41474809166668,66.0,99.0,222.0,72.948594,76.42685,B:maj,31.0
734,76.426849524,76.426849524,1.0,1.0,87.0,76.21003823333335,76.81148666666668,67.0,86.0,102.0,,,,,,,,,,,72.948594,76.42685,B:maj,31.0
735,76.42685,76.426849524,1.0,1.0,87.0,76.21003823333335,76.81148666666668,67.0,86.0,102.0,,,,,,,,,,,76.42685,78.165978,E:min,32.0
736,76.42742923333334,76.426849524,1.0,1.0,87.0,76.21003823333335,76.81148666666668,67.0,86.0,102.0,,,,,,76.42742923333334,77.68467385000001,40.0,70.0,223.0,76.42685,78.165978,E:min,32.0
737,76.64482023333335,76.426849524,1.0,1.0,87.0,76.21003823333335,76.81148666666668,67.0,86.0,102.0,,,,,,76.64482023333335,77.68105066666668,47.0,63.0,224.0,76.42685,78.165978,E:min,32.0
738,76.81148666666668,76.426849524,1.0,1.0,87.0,76.21003823333335,76.81148666666668,67.0,86.0,102.0,,,,,,76.64482023333335,77.68105066666668,47.0,63.0,224.0,76.42685,78.165978,E:min,32.0
739,76.86221123333334,76.426849524,1.0,1.0,87.0,,,,,,,,,,,76.86221123333334,77.33684825000002,52.0,79.0,225.0,76.42685,78.165978,E:min,32.0
740,77.07960223333335,76.426849524,1.0,1.0,87.0,,,,,,,,,,,77.07960223333335,77.39481918333334,59.0,77.0,226.0,76.42685,78.165978,E:min,32.0
741,77.296413524,77.296413524,0.0,0.0,88.0,,,,,,,,,,,77.07960223333335,77.39481918333334,59.0,77.0,226.0,76.42685,78.165978,E:min,32.0
742,77.29699323333334,77.296413524,0.0,0.0,88.0,77.29699323333334,77.66474634166669,59.0,95.0,103.0,,,,,,77.29699323333334,78.23539771666668,67.0,92.0,227.0,76.42685,78.165978,E:min,32.0
743,77.33684825000002,77.296413524,0.0,0.0,88.0,77.29699323333334,77.66474634166669,59.0,95.0,103.0,,,,,,77.29699323333334,78.23539771666668,67.0,92.0,227.0,76.42685,78.165978,E:min,32.0
744,77.39481918333334,77.296413524,0.0,0.0,88.0,77.29699323333334,77.66474634166669,59.0,95.0,103.0,,,,,,77.29699323333334,78.23539771666668,67.0,92.0,227.0,76.42685,78.165978,E:min,32.0
745,77.51438423333335,77.296413524,0.0,0.0,88.0,77.29699323333334,77.66474634166669,59.0,95.0,103.0,,,,,,77.51438423333335,78.18286155833334,52.0,72.0,228.0,76.42685,78.165978,E:min,32.0
746,77.66474634166669,77.296413524,0.0,0.0,88.0,77.29699323333334,77.66474634166669,59.0,95.0,103.0,,,,,,77.51438423333335,78.18286155833334,52.0,72.0,228.0,76.42685,78.165978,E:min,32.0
747,77.68105066666668,77.296413524,0.0,0.0,88.0,,,,,,,,,,,77.51438423333335,78.18286155833334,52.0,72.0,228.0,76.42685,78.165978,E:min,32.0
748,77.68467385000001,77.296413524,0.0,0.0,88.0,,,,,,,,,,,77.51438423333335,78.18286155833334,52.0,72.0,228.0,76.42685,78.165978,E:min,32.0
749,77.73177523333335,77.296413524,0.0,0.0,88.0,77.73177523333335,78.00894875833335,62.0,92.0,104.0,,,,,,77.51438423333335,78.18286155833334,52.0,72.0,228.0,76.42685,78.165978,E:min,32.0
750,78.00894875833335,77.296413524,0.0,0.0,88.0,77.73177523333335,78.00894875833335,62.0,92.0,104.0,,,,,,77.51438423333335,78.18286155833334,52.0,72.0,228.0,76.42685,78.165978,E:min,32.0
751,78.165977524,78.165977524,1.0,0.0,89.0,,,,,,,,,,,77.51438423333335,78.18286155833334,52.0,72.0,228.0,76.42685,78.165978,E:min,32.0
752,78.165978,78.165977524,1.0,0.0,89.0,,,,,,,,,,,77.51438423333335,78.18286155833334,52.0,72.0,228.0,78.165978,79.905106,A:maj,33.0
753,78.16655723333335,78.165977524,1.0,0.0,89.0,78.16655723333335,78.81329545833334,62.0,100.0,105.0,,,,,,78.16655723333335,79.24626586666668,45.0,73.0,229.0,78.165978,79.905106,A:maj,33.0
754,78.18286155833334,78.165977524,1.0,0.0,89.0,78.16655723333335,78.81329545833334,62.0,100.0,105.0,,,,,,78.16655723333335,79.24626586666668,45.0,73.0,229.0,78.165978,79.905106,A:maj,33.0
755,78.23539771666668,78.165977524,1.0,0.0,89.0,78.16655723333335,78.81329545833334,62.0,100.0,105.0,,,,,,78.16655723333335,79.24626586666668,45.0,73.0,229.0,78.165978,79.905106,A:maj,33.0
756,78.38394823333334,78.165977524,1.0,0.0,89.0,78.16655723333335,78.81329545833334,62.0,100.0,105.0,,,,,,78.38394823333334,79.05242555833334,52.0,50.0,230.0,78.165978,79.905106,A:maj,33.0
757,78.60133923333335,78.165977524,1.0,0.0,89.0,78.16655723333335,78.81329545833334,62.0,100.0,105.0,,,,,,78.60133923333335,80.00532277500001,57.0,66.0,231.0,78.165978,79.905106,A:maj,33.0
758,78.81329545833334,78.165977524,1.0,0.0,89.0,78.16655723333335,78.81329545833334,62.0,100.0,105.0,,,,,,78.60133923333335,80.00532277500001,57.0,66.0,231.0,78.165978,79.905106,A:maj,33.0
759,79.03554152400001,79.03554152400001,0.0,0.0,90.0,,,,,,,,,,,78.60133923333335,80.00532277500001,57.0,66.0,231.0,78.165978,79.905106,A:maj,33.0
760,79.03612123333335,79.03554152400001,0.0,0.0,90.0,79.03612123333335,79.82597520000002,61.0,96.0,106.0,,,,,,79.03612123333335,79.92742433333335,64.0,81.0,232.0,78.165978,79.905106,A:maj,33.0
761,79.05242555833334,79.03554152400001,0.0,0.0,90.0,79.03612123333335,79.82597520000002,61.0,96.0,106.0,,,,,,79.03612123333335,79.92742433333335,64.0,81.0,232.0,78.165978,79.905106,A:maj,33.0
762,79.24626586666668,79.03554152400001,0.0,0.0,90.0,79.03612123333335,79.82597520000002,61.0,96.0,106.0,,,,,,79.03612123333335,79.92742433333335,64.0,81.0,232.0,78.165978,79.905106,A:maj,33.0
763,79.82597520000002,79.03554152400001,0.0,0.0,90.0,79.03612123333335,79.82597520000002,61.0,96.0,106.0,,,,,,79.03612123333335,79.92742433333335,64.0,81.0,232.0,78.165978,79.905106,A:maj,33.0
764,79.905105524,79.905105524,1.0,1.0,91.0,,,,,,,,,,,79.03612123333335,79.92742433333335,64.0,81.0,232.0,78.165978,79.905106,A:maj,33.0
765,79.905106,79.905105524,1.0,1.0,91.0,,,,,,,,,,,79.03612123333335,79.92742433333335,64.0,81.0,232.0,79.905106,83.383362,D:maj,34.0
766,79.90568523333334,79.905105524,1.0,1.0,91.0,79.90568523333334,81.18829213333335,62.0,96.0,107.0,,,,,,79.90568523333334,81.04879957500002,38.0,65.0,233.0,79.905106,83.383362,D:maj,34.0
767,79.92742433333335,79.905105524,1.0,1.0,91.0,79.90568523333334,81.18829213333335,62.0,96.0,107.0,,,,,,79.90568523333334,81.04879957500002,38.0,65.0,233.0,79.905106,83.383362,D:maj,34.0
768,80.00532277500001,79.905105524,1.0,1.0,91.0,79.90568523333334,81.18829213333335,62.0,96.0,107.0,,,,,,79.90568523333334,81.04879957500002,38.0,65.0,233.0,79.905106,83.383362,D:maj,34.0
769,80.12307623333335,79.905105524,1.0,1.0,91.0,79.90568523333334,81.18829213333335,62.0,96.0,107.0,,,,,,80.12307623333335,81.21908919166668,45.0,44.0,234.0,79.905106,83.383362,D:maj,34.0
770,80.34046723333334,79.905105524,1.0,1.0,91.0,79.90568523333334,81.18829213333335,62.0,96.0,107.0,,,,,,80.34046723333334,80.83140857500001,50.0,63.0,235.0,79.905106,83.383362,D:maj,34.0
771,80.55785823333335,79.905105524,1.0,1.0,91.0,79.90568523333334,81.18829213333335,62.0,96.0,107.0,,,,,,80.55785823333335,83.69734659166669,57.0,74.0,236.0,79.905106,83.383362,D:maj,34.0
772,80.774669524,80.774669524,0.0,0.0,92.0,79.90568523333334,81.18829213333335,62.0,96.0,107.0,,,,,,80.55785823333335,83.69734659166669,57.0,74.0,236.0,79.905106,83.383362,D:maj,34.0
773,80.77524923333334,80.774669524,0.0,0.0,92.0,79.90568523333334,81.18829213333335,62.0,96.0,107.0,,,,,,80.77524923333334,82.37850785833335,66.0,96.0,237.0,79.905106,83.383362,D:maj,34.0
774,80.83140857500001,80.774669524,0.0,0.0,92.0,79.90568523333334,81.18829213333335,62.0,96.0,107.0,,,,,,80.77524923333334,82.37850785833335,66.0,96.0,237.0,79.905106,83.383362,D:maj,34.0
775,81.04879957500002,80.774669524,0.0,0.0,92.0,79.90568523333334,81.18829213333335,62.0,96.0,107.0,,,,,,80.77524923333334,82.37850785833335,66.0,96.0,237.0,79.905106,83.383362,D:maj,34.0
776,81.18829213333335,80.774669524,0.0,0.0,92.0,79.90568523333334,81.18829213333335,62.0,96.0,107.0,,,,,,80.77524923333334,82.37850785833335,66.0,96.0,237.0,79.905106,83.383362,D:maj,34.0
777,81.21003123333334,80.774669524,0.0,0.0,92.0,,,,,,,,,,,81.21003123333334,81.48358157500002,38.0,85.0,238.0,79.905106,83.383362,D:maj,34.0
778,81.21908919166668,80.774669524,0.0,0.0,92.0,,,,,,,,,,,81.21003123333334,81.48358157500002,38.0,85.0,238.0,79.905106,83.383362,D:maj,34.0
779,81.48358157500002,80.774669524,0.0,0.0,92.0,,,,,,,,,,,81.21003123333334,81.48358157500002,38.0,85.0,238.0,79.905106,83.383362,D:maj,34.0
780,81.644233524,81.644233524,1.0,0.0,93.0,,,,,,,,,,,,,,,,79.905106,83.383362,D:maj,34.0
781,81.64481323333335,81.644233524,1.0,0.0,93.0,,,,,,,,,,,81.64481323333335,83.0651011,38.0,69.0,239.0,79.905106,83.383362,D:maj,34.0
782,82.37850785833335,81.644233524,1.0,0.0,93.0,,,,,,,,,,,81.64481323333335,83.0651011,38.0,69.0,239.0,79.905106,83.383362,D:maj,34.0
783,82.51379752400001,82.51379752400001,0.0,0.0,94.0,,,,,,,,,,,81.64481323333335,83.0651011,38.0,69.0,239.0,79.905106,83.383362,D:maj,34.0
784,82.51437723333335,82.51379752400001,0.0,0.0,94.0,,,,,,,,,,,82.51437723333335,83.80423050000002,66.0,88.0,240.0,79.905106,83.383362,D:maj,34.0
785,82.94915923333335,82.51379752400001,0.0,0.0,94.0,,,,,,,,,,,82.94915923333335,83.64481043333335,62.0,43.0,241.0,79.905106,83.383362,D:maj,34.0
786,83.0651011,82.51379752400001,0.0,0.0,94.0,,,,,,,,,,,82.94915923333335,83.64481043333335,62.0,43.0,241.0,79.905106,83.383362,D:maj,34.0
787,83.38336152400001,83.38336152400001,1.0,1.0,95.0,,,,,,,,,,,82.94915923333335,83.64481043333335,62.0,43.0,241.0,79.905106,83.383362,D:maj,34.0
788,83.383362,83.38336152400001,1.0,1.0,95.0,,,,,,,,,,,82.94915923333335,83.64481043333335,62.0,43.0,241.0,83.383362,86.861618,D:maj,35.0
789,83.38394123333335,83.38336152400001,1.0,1.0,95.0,,,,,,,,,,,83.38394123333335,84.43285280833335,38.0,63.0,242.0,83.383362,86.861618,D:maj,35.0
790,83.64481043333335,83.38336152400001,1.0,1.0,95.0,,,,,,,,,,,83.38394123333335,84.43285280833335,38.0,63.0,242.0,83.383362,86.861618,D:maj,35.0
791,83.69734659166669,83.38336152400001,1.0,1.0,95.0,,,,,,,,,,,83.38394123333335,84.43285280833335,38.0,63.0,242.0,83.383362,86.861618,D:maj,35.0
792,83.80423050000002,83.38336152400001,1.0,1.0,95.0,,,,,,,,,,,83.38394123333335,84.43285280833335,38.0,63.0,242.0,83.383362,86.861618,D:maj,35.0
793,83.81872323333334,83.38336152400001,1.0,1.0,95.0,,,,,,,,,,,83.81872323333334,84.55604104166667,45.0,50.0,243.0,83.383362,86.861618,D:maj,35.0
794,84.252925524,84.252925524,0.0,0.0,96.0,,,,,,,,,,,83.81872323333334,84.55604104166667,45.0,50.0,243.0,83.383362,86.861618,D:maj,35.0
795,84.25350523333334,84.252925524,0.0,0.0,96.0,,,,,,,,,,,84.25350523333334,85.61219898333334,66.0,65.0,244.0,83.383362,86.861618,D:maj,35.0
796,84.25350523333334,84.252925524,0.0,0.0,96.0,,,,,,,,,,,84.25350523333334,85.63937285833335,62.0,70.0,245.0,83.383362,86.861618,D:maj,35.0
797,84.25350523333334,84.252925524,0.0,0.0,96.0,,,,,,,,,,,84.25350523333334,84.30422980000002,57.0,35.0,246.0,83.383362,86.861618,D:maj,35.0
798,84.30422980000002,84.252925524,0.0,0.0,96.0,,,,,,,,,,,84.25350523333334,84.30422980000002,57.0,35.0,246.0,83.383362,86.861618,D:maj,35.0
799,84.43285280833335,84.252925524,0.0,0.0,96.0,,,,,,,,,,,,,,,,83.383362,86.861618,D:maj,35.0
800,84.55604104166667,84.252925524,0.0,0.0,96.0,,,,,,,,,,,,,,,,83.383362,86.861618,D:maj,35.0
801,84.68828723333334,84.252925524,0.0,0.0,96.0,,,,,,,,,,,84.68828723333334,84.99082304166669,38.0,57.0,247.0,83.383362,86.861618,D:maj,35.0
802,84.99082304166669,84.252925524,0.0,0.0,96.0,,,,,,,,,,,84.68828723333334,84.99082304166669,38.0,57.0,247.0,83.383362,86.861618,D:maj,35.0
803,85.122489524,85.122489524,1.0,0.0,97.0,,,,,,,,,,,,,,,,83.383362,86.861618,D:maj,35.0
804,85.12306923333335,85.122489524,1.0,0.0,97.0,,,,,,,,,,,85.12306923333335,86.52886436666668,38.0,73.0,248.0,83.383362,86.861618,D:maj,35.0
805,85.55785123333335,85.122489524,1.0,0.0,97.0,,,,,,,,,,,85.55785123333335,86.07958963333334,57.0,55.0,249.0,83.383362,86.861618,D:maj,35.0
806,85.61219898333334,85.122489524,1.0,0.0,97.0,,,,,,,,,,,85.55785123333335,86.07958963333334,57.0,55.0,249.0,83.383362,86.861618,D:maj,35.0
807,85.63937285833335,85.122489524,1.0,0.0,97.0,,,,,,,,,,,85.55785123333335,86.07958963333334,57.0,55.0,249.0,83.383362,86.861618,D:maj,35.0
808,85.992053524,85.992053524,0.0,0.0,98.0,,,,,,,,,,,85.55785123333335,86.07958963333334,57.0,55.0,249.0,83.383362,86.861618,D:maj,35.0
809,85.99263323333335,85.992053524,0.0,0.0,98.0,,,,,,,,,,,85.99263323333335,86.76618287500001,62.0,73.0,250.0,83.383362,86.861618,D:maj,35.0
810,85.99263323333335,85.992053524,0.0,0.0,98.0,,,,,,,,,,,85.99263323333335,86.78973356666668,66.0,78.0,251.0,83.383362,86.861618,D:maj,35.0
811,86.07958963333334,85.992053524,0.0,0.0,98.0,,,,,,,,,,,85.99263323333335,86.78973356666668,66.0,78.0,251.0,83.383362,86.861618,D:maj,35.0
812,86.42741523333335,85.992053524,0.0,0.0,98.0,86.42741523333335,86.82234221666668,57.0,72.0,108.0,,,,,,85.99263323333335,86.78973356666668,66.0,78.0,251.0,83.383362,86.861618,D:maj,35.0
813,86.52886436666668,85.992053524,0.0,0.0,98.0,86.42741523333335,86.82234221666668,57.0,72.0,108.0,,,,,,85.99263323333335,86.78973356666668,66.0,78.0,251.0,83.383362,86.861618,D:maj,35.0
814,86.76618287500001,85.992053524,0.0,0.0,98.0,86.42741523333335,86.82234221666668,57.0,72.0,108.0,,,,,,85.99263323333335,86.78973356666668,66.0,78.0,251.0,83.383362,86.861618,D:maj,35.0
815,86.78973356666668,85.992053524,0.0,0.0,98.0,86.42741523333335,86.82234221666668,57.0,72.0,108.0,,,,,,85.99263323333335,86.78973356666668,66.0,78.0,251.0,83.383362,86.861618,D:maj,35.0
816,86.82234221666668,85.992053524,0.0,0.0,98.0,86.42741523333335,86.82234221666668,57.0,72.0,108.0,,,,,,,,,,,83.383362,86.861618,D:maj,35.0
817,86.86161752400001,86.86161752400001,1.0,1.0,99.0,,,,,,,,,,,,,,,,83.383362,86.861618,D:maj,35.0
818,86.861618,86.86161752400001,1.0,1.0,99.0,,,,,,,,,,,,,,,,86.861618,90.339874,D:maj,36.0
819,86.86219723333335,86.86161752400001,1.0,1.0,99.0,86.86219723333335,87.25712421666668,64.0,79.0,109.0,,,,,,86.86219723333335,87.92741313333335,38.0,74.0,252.0,86.861618,90.339874,D:maj,36.0
820,87.25712421666668,86.86161752400001,1.0,1.0,99.0,86.86219723333335,87.25712421666668,64.0,79.0,109.0,,,,,,86.86219723333335,87.92741313333335,38.0,74.0,252.0,86.861618,90.339874,D:maj,36.0
821,87.29697923333335,86.86161752400001,1.0,1.0,99.0,87.29697923333335,87.43828338333334,66.0,97.0,110.0,,,,,,87.29697923333335,88.32777489166668,45.0,53.0,253.0,86.861618,90.339874,D:maj,36.0
822,87.43828338333334,86.86161752400001,1.0,1.0,99.0,87.29697923333335,87.43828338333334,66.0,97.0,110.0,,,,,,87.29697923333335,88.32777489166668,45.0,53.0,253.0,86.861618,90.339874,D:maj,36.0
823,87.51437023333335,86.86161752400001,1.0,1.0,99.0,87.51437023333335,88.04697818333335,66.0,96.0,111.0,,,,,,87.29697923333335,88.32777489166668,45.0,53.0,253.0,86.861618,90.339874,D:maj,36.0
824,87.73118152400001,87.73118152400001,0.0,0.0,100.0,87.51437023333335,88.04697818333335,66.0,96.0,111.0,,,,,,87.29697923333335,88.32777489166668,45.0,53.0,253.0,86.861618,90.339874,D:maj,36.0
825,87.73176123333334,87.73118152400001,0.0,0.0,100.0,87.51437023333335,88.04697818333335,66.0,96.0,111.0,,,,,,87.73176123333334,88.07052887500001,50.0,55.0,254.0,86.861618,90.339874,D:maj,36.0
826,87.73176123333334,87.73118152400001,0.0,0.0,100.0,87.51437023333335,88.04697818333335,66.0,96.0,111.0,,,,,,87.73176123333334,89.36038214166668,66.0,93.0,255.0,86.861618,90.339874,D:maj,36.0
827,87.73176123333334,87.73118152400001,0.0,0.0,100.0,87.51437023333335,88.04697818333335,66.0,96.0,111.0,,,,,,87.73176123333334,89.36038214166668,62.0,78.0,256.0,86.861618,90.339874,D:maj,36.0
828,87.92741313333335,87.73118152400001,0.0,0.0,100.0,87.51437023333335,88.04697818333335,66.0,96.0,111.0,,,,,,87.73176123333334,89.36038214166668,62.0,78.0,256.0,86.861618,90.339874,D:maj,36.0
829,88.04697818333335,87.73118152400001,0.0,0.0,100.0,87.51437023333335,88.04697818333335,66.0,96.0,111.0,,,,,,87.73176123333334,89.36038214166668,62.0,78.0,256.0,86.861618,90.339874,D:maj,36.0
830,88.07052887500001,87.73118152400001,0.0,0.0,100.0,,,,,,,,,,,87.73176123333334,89.36038214166668,62.0,78.0,256.0,86.861618,90.339874,D:maj,36.0
831,88.16654323333334,87.73118152400001,0.0,0.0,100.0,88.16654323333334,88.45458630833335,64.0,92.0,112.0,,,,,,88.16654323333334,88.43465880000001,38.0,41.0,257.0,86.861618,90.339874,D:maj,36.0
832,88.32777489166668,87.73118152400001,0.0,0.0,100.0,88.16654323333334,88.45458630833335,64.0,92.0,112.0,,,,,,88.16654323333334,88.43465880000001,38.0,41.0,257.0,86.861618,90.339874,D:maj,36.0
833,88.38393423333335,87.73118152400001,0.0,0.0,100.0,88.38393423333335,88.84226692500002,66.0,112.0,113.0,,,,,,88.16654323333334,88.43465880000001,38.0,41.0,257.0,86.861618,90.339874,D:maj,36.0
834,88.43465880000001,87.73118152400001,0.0,0.0,100.0,88.38393423333335,88.84226692500002,66.0,112.0,113.0,,,,,,88.16654323333334,88.43465880000001,38.0,41.0,257.0,86.861618,90.339874,D:maj,36.0
835,88.45458630833335,87.73118152400001,0.0,0.0,100.0,88.38393423333335,88.84226692500002,66.0,112.0,113.0,,,,,,,,,,,86.861618,90.339874,D:maj,36.0
836,88.600745524,88.600745524,1.0,0.0,101.0,88.38393423333335,88.84226692500002,66.0,112.0,113.0,,,,,,,,,,,86.861618,90.339874,D:maj,36.0
837,88.60132523333334,88.600745524,1.0,0.0,101.0,88.38393423333335,88.84226692500002,66.0,112.0,113.0,,,,,,88.60132523333334,89.76255549166667,38.0,76.0,258.0,86.861618,90.339874,D:maj,36.0
838,88.81871623333335,88.600745524,1.0,0.0,101.0,88.81871623333335,89.09951294166667,64.0,83.0,114.0,,,,,,88.60132523333334,89.76255549166667,38.0,76.0,258.0,86.861618,90.339874,D:maj,36.0
839,88.84226692500002,88.600745524,1.0,0.0,101.0,88.81871623333335,89.09951294166667,64.0,83.0,114.0,,,,,,88.60132523333334,89.76255549166667,38.0,76.0,258.0,86.861618,90.339874,D:maj,36.0
840,89.03610723333335,88.600745524,1.0,0.0,101.0,88.81871623333335,89.09951294166667,64.0,83.0,114.0,,,,,,89.03610723333335,89.79516414166667,45.0,48.0,259.0,86.861618,90.339874,D:maj,36.0
841,89.09951294166667,88.600745524,1.0,0.0,101.0,88.81871623333335,89.09951294166667,64.0,83.0,114.0,,,,,,89.03610723333335,89.79516414166667,45.0,48.0,259.0,86.861618,90.339874,D:maj,36.0
842,89.25349823333335,88.600745524,1.0,0.0,101.0,89.25349823333335,89.88574372500001,57.0,92.0,115.0,,,,,,89.03610723333335,89.79516414166667,45.0,48.0,259.0,86.861618,90.339874,D:maj,36.0
843,89.36038214166668,88.600745524,1.0,0.0,101.0,89.25349823333335,89.88574372500001,57.0,92.0,115.0,,,,,,89.03610723333335,89.79516414166667,45.0,48.0,259.0,86.861618,90.339874,D:maj,36.0
844,89.470309524,89.470309524,0.0,0.0,102.0,89.25349823333335,89.88574372500001,57.0,92.0,115.0,,,,,,89.03610723333335,89.79516414166667,45.0,48.0,259.0,86.861618,90.339874,D:maj,36.0
845,89.47088923333335,89.470309524,0.0,0.0,102.0,89.25349823333335,89.88574372500001,57.0,92.0,115.0,,,,,,89.47088923333335,90.02885946666667,50.0,61.0,260.0,86.861618,90.339874,D:maj,36.0
846,89.47088923333335,89.470309524,0.0,0.0,102.0,89.25349823333335,89.88574372500001,57.0,92.0,115.0,,,,,,89.47088923333335,90.55422105,66.0,89.0,261.0,86.861618,90.339874,D:maj,36.0
847,89.76255549166667,89.470309524,0.0,0.0,102.0,89.25349823333335,89.88574372500001,57.0,92.0,115.0,,,,,,89.47088923333335,90.55422105,66.0,89.0,261.0,86.861618,90.339874,D:maj,36.0
848,89.79516414166667,89.470309524,0.0,0.0,102.0,89.25349823333335,89.88574372500001,57.0,92.0,115.0,,,,,,89.47088923333335,90.55422105,66.0,89.0,261.0,86.861618,90.339874,D:maj,36.0
849,89.88574372500001,89.470309524,0.0,0.0,102.0,89.25349823333335,89.88574372500001,57.0,92.0,115.0,,,,,,89.47088923333335,90.55422105,66.0,89.0,261.0,86.861618,90.339874,D:maj,36.0
850,89.90567123333335,89.470309524,0.0,0.0,102.0,,,,,,,,,,,89.90567123333335,90.37487347500002,57.0,76.0,262.0,86.861618,90.339874,D:maj,36.0
851,90.02885946666667,89.470309524,0.0,0.0,102.0,,,,,,,,,,,89.90567123333335,90.37487347500002,57.0,76.0,262.0,86.861618,90.339874,D:maj,36.0
852,90.12306223333334,89.470309524,0.0,0.0,102.0,90.12306223333334,90.31146776666668,54.0,79.0,116.0,,,,,,89.90567123333335,90.37487347500002,57.0,76.0,262.0,86.861618,90.339874,D:maj,36.0
853,90.31146776666668,89.470309524,0.0,0.0,102.0,90.12306223333334,90.31146776666668,54.0,79.0,116.0,,,,,,89.90567123333335,90.37487347500002,57.0,76.0,262.0,86.861618,90.339874,D:maj,36.0
854,90.339873524,90.339873524,1.0,1.0,103.0,,,,,,,,,,,89.90567123333335,90.37487347500002,57.0,76.0,262.0,86.861618,90.339874,D:maj,36.0
855,90.339874,90.339873524,1.0,1.0,103.0,,,,,,,,,,,89.90567123333335,90.37487347500002,57.0,76.0,262.0,90.339874,93.81813,B:min,37.0
856,90.34045323333336,90.339873524,1.0,1.0,103.0,90.34045323333336,90.76980045833336,61.0,81.0,117.0,,,,,,90.34045323333336,91.49443712500002,47.0,68.0,263.0,90.339874,93.81813,B:min,37.0
857,90.37487347500002,90.339873524,1.0,1.0,103.0,90.34045323333336,90.76980045833336,61.0,81.0,117.0,,,,,,90.34045323333336,91.49443712500002,47.0,68.0,263.0,90.339874,93.81813,B:min,37.0
858,90.55422105,90.339873524,1.0,1.0,103.0,90.34045323333336,90.76980045833336,61.0,81.0,117.0,,,,,,90.34045323333336,91.49443712500002,47.0,68.0,263.0,90.339874,93.81813,B:min,37.0
859,90.76980045833336,90.339873524,1.0,1.0,103.0,90.34045323333336,90.76980045833336,61.0,81.0,117.0,,,,,,90.34045323333336,91.49443712500002,47.0,68.0,263.0,90.339874,93.81813,B:min,37.0
860,90.77523523333336,90.339873524,1.0,1.0,103.0,90.77523523333336,90.92559734166667,62.0,69.0,118.0,,,,,,90.77523523333336,91.64842241666668,54.0,53.0,264.0,90.339874,93.81813,B:min,37.0
861,90.92559734166667,90.339873524,1.0,1.0,103.0,90.77523523333336,90.92559734166667,62.0,69.0,118.0,,,,,,90.77523523333336,91.64842241666668,54.0,53.0,264.0,90.339874,93.81813,B:min,37.0
862,90.99262623333335,90.339873524,1.0,1.0,103.0,90.99262623333335,91.548784875,62.0,82.0,119.0,,,,,,90.77523523333336,91.64842241666668,54.0,53.0,264.0,90.339874,93.81813,B:min,37.0
863,91.209437524,91.209437524,0.0,0.0,104.0,90.99262623333335,91.548784875,62.0,82.0,119.0,,,,,,90.77523523333336,91.64842241666668,54.0,53.0,264.0,90.339874,93.81813,B:min,37.0
864,91.21001723333336,91.209437524,0.0,0.0,104.0,90.99262623333335,91.548784875,62.0,82.0,119.0,,,,,,91.21001723333336,92.570522575,66.0,88.0,265.0,90.339874,93.81813,B:min,37.0
865,91.21001723333336,91.209437524,0.0,0.0,104.0,90.99262623333335,91.548784875,62.0,82.0,119.0,,,,,,91.21001723333336,92.56146461666668,59.0,30.0,266.0,90.339874,93.81813,B:min,37.0
866,91.21001723333336,91.209437524,0.0,0.0,104.0,90.99262623333335,91.548784875,62.0,82.0,119.0,,,,,,91.21001723333336,92.5433487,62.0,67.0,267.0,90.339874,93.81813,B:min,37.0
867,91.49443712500002,91.209437524,0.0,0.0,104.0,90.99262623333335,91.548784875,62.0,82.0,119.0,,,,,,91.21001723333336,92.5433487,62.0,67.0,267.0,90.339874,93.81813,B:min,37.0
868,91.548784875,91.209437524,0.0,0.0,104.0,90.99262623333335,91.548784875,62.0,82.0,119.0,,,,,,91.21001723333336,92.5433487,62.0,67.0,267.0,90.339874,93.81813,B:min,37.0
869,91.64479923333334,91.209437524,0.0,0.0,104.0,91.64479923333334,91.93103071666668,61.0,95.0,120.0,,,,,,91.64479923333334,91.93103071666668,47.0,63.0,268.0,90.339874,93.81813,B:min,37.0
870,91.64842241666668,91.209437524,0.0,0.0,104.0,91.64479923333334,91.93103071666668,61.0,95.0,120.0,,,,,,91.64479923333334,91.93103071666668,47.0,63.0,268.0,90.339874,93.81813,B:min,37.0
871,91.86219023333337,91.209437524,0.0,0.0,104.0,91.86219023333337,92.41834887500002,62.0,93.0,121.0,,,,,,91.64479923333334,91.93103071666668,47.0,63.0,268.0,90.339874,93.81813,B:min,37.0
872,91.93103071666668,91.209437524,0.0,0.0,104.0,91.86219023333337,92.41834887500002,62.0,93.0,121.0,,,,,,91.64479923333334,91.93103071666668,47.0,63.0,268.0,90.339874,93.81813,B:min,37.0
873,92.079001524,92.079001524,1.0,0.0,105.0,91.86219023333337,92.41834887500002,62.0,93.0,121.0,,,,,,,,,,,90.339874,93.81813,B:min,37.0
874,92.07958123333334,92.079001524,1.0,0.0,105.0,91.86219023333337,92.41834887500002,62.0,93.0,121.0,,,,,,92.07958123333334,93.298782425,47.0,72.0,269.0,90.339874,93.81813,B:min,37.0
875,92.29697223333336,92.079001524,1.0,0.0,105.0,92.29697223333336,92.70458035833336,61.0,107.0,122.0,,,,,,92.07958123333334,93.298782425,47.0,72.0,269.0,90.339874,93.81813,B:min,37.0
876,92.41834887500002,92.079001524,1.0,0.0,105.0,92.29697223333336,92.70458035833336,61.0,107.0,122.0,,,,,,92.07958123333334,93.298782425,47.0,72.0,269.0,90.339874,93.81813,B:min,37.0
877,92.51436323333334,92.079001524,1.0,0.0,105.0,92.29697223333336,92.70458035833336,61.0,107.0,122.0,,,,,,92.51436323333334,93.17559419166668,54.0,66.0,270.0,90.339874,93.81813,B:min,37.0
878,92.5433487,92.079001524,1.0,0.0,105.0,92.29697223333336,92.70458035833336,61.0,107.0,122.0,,,,,,92.51436323333334,93.17559419166668,54.0,66.0,270.0,90.339874,93.81813,B:min,37.0
879,92.56146461666668,92.079001524,1.0,0.0,105.0,92.29697223333336,92.70458035833336,61.0,107.0,122.0,,,,,,92.51436323333334,93.17559419166668,54.0,66.0,270.0,90.339874,93.81813,B:min,37.0
880,92.570522575,92.079001524,1.0,0.0,105.0,92.29697223333336,92.70458035833336,61.0,107.0,122.0,,,,,,92.51436323333334,93.17559419166668,54.0,66.0,270.0,90.339874,93.81813,B:min,37.0
881,92.70458035833336,92.079001524,1.0,0.0,105.0,92.29697223333336,92.70458035833336,61.0,107.0,122.0,,,,,,92.51436323333334,93.17559419166668,54.0,66.0,270.0,90.339874,93.81813,B:min,37.0
882,92.73175423333336,92.079001524,1.0,0.0,105.0,92.73175423333336,93.32595630000002,54.0,83.0,123.0,,,,,,92.51436323333334,93.17559419166668,54.0,66.0,270.0,90.339874,93.81813,B:min,37.0
883,92.948565524,92.948565524,0.0,0.0,106.0,92.73175423333336,93.32595630000002,54.0,83.0,123.0,,,,,,92.51436323333334,93.17559419166668,54.0,66.0,270.0,90.339874,93.81813,B:min,37.0
884,92.94914523333335,92.948565524,0.0,0.0,106.0,92.73175423333336,93.32595630000002,54.0,83.0,123.0,,,,,,92.94914523333335,93.559651625,66.0,99.0,271.0,90.339874,93.81813,B:min,37.0
885,93.17559419166668,92.948565524,0.0,0.0,106.0,92.73175423333336,93.32595630000002,54.0,83.0,123.0,,,,,,92.94914523333335,93.559651625,66.0,99.0,271.0,90.339874,93.81813,B:min,37.0
886,93.298782425,92.948565524,0.0,0.0,106.0,92.73175423333336,93.32595630000002,54.0,83.0,123.0,,,,,,92.94914523333335,93.559651625,66.0,99.0,271.0,90.339874,93.81813,B:min,37.0
887,93.32595630000002,92.948565524,0.0,0.0,106.0,92.73175423333336,93.32595630000002,54.0,83.0,123.0,,,,,,92.94914523333335,93.559651625,66.0,99.0,271.0,90.339874,93.81813,B:min,37.0
888,93.38392723333337,92.948565524,0.0,0.0,106.0,,,,,,,,,,,93.38392723333337,93.81870923333337,59.0,72.0,272.0,90.339874,93.81813,B:min,37.0
889,93.559651625,92.948565524,0.0,0.0,106.0,,,,,,,,,,,93.38392723333337,93.81870923333337,59.0,72.0,272.0,90.339874,93.81813,B:min,37.0
890,93.60131823333334,92.948565524,0.0,0.0,106.0,93.60131823333334,93.80059331666668,54.0,92.0,124.0,,,,,,93.38392723333337,93.81870923333337,59.0,72.0,272.0,90.339874,93.81813,B:min,37.0
891,93.80059331666668,92.948565524,0.0,0.0,106.0,93.60131823333334,93.80059331666668,54.0,92.0,124.0,,,,,,93.38392723333337,93.81870923333337,59.0,72.0,272.0,90.339874,93.81813,B:min,37.0
892,93.818129524,93.818129524,1.0,1.0,107.0,,,,,,,,,,,93.38392723333337,93.81870923333337,59.0,72.0,272.0,90.339874,93.81813,B:min,37.0
893,93.81813,93.818129524,1.0,1.0,107.0,,,,,,,,,,,93.38392723333337,93.81870923333337,59.0,72.0,272.0,93.81813,97.296386,C:maj,38.0
894,93.81870923333337,93.818129524,1.0,1.0,107.0,93.81870923333337,94.18465075000002,66.0,96.0,125.0,,,,,,93.81870923333337,94.90204105,36.0,85.0,273.0,93.81813,97.296386,C:maj,38.0
895,94.18465075000002,93.818129524,1.0,1.0,107.0,93.81870923333337,94.18465075000002,66.0,96.0,125.0,,,,,,93.81870923333337,94.90204105,36.0,85.0,273.0,93.81813,97.296386,C:maj,38.0
896,94.25349123333336,93.818129524,1.0,1.0,107.0,94.25349123333336,94.36762150833334,67.0,90.0,126.0,,,,,,94.25349123333336,95.124866825,43.0,43.0,274.0,93.81813,97.296386,C:maj,38.0
897,94.36762150833334,93.818129524,1.0,1.0,107.0,94.25349123333336,94.36762150833334,67.0,90.0,126.0,,,,,,94.25349123333336,95.124866825,43.0,43.0,274.0,93.81813,97.296386,C:maj,38.0
898,94.47088223333334,93.818129524,1.0,1.0,107.0,94.47088223333334,95.08863499166668,67.0,95.0,127.0,,,,,,94.25349123333336,95.124866825,43.0,43.0,274.0,93.81813,97.296386,C:maj,38.0
899,94.687693524,94.687693524,0.0,0.0,108.0,94.47088223333334,95.08863499166668,67.0,95.0,127.0,,,,,,94.25349123333336,95.124866825,43.0,43.0,274.0,93.81813,97.296386,C:maj,38.0
900,94.68827323333336,94.687693524,0.0,0.0,108.0,94.47088223333334,95.08863499166668,67.0,95.0,127.0,,,,,,94.68827323333336,96.09587995833334,64.0,77.0,275.0,93.81813,97.296386,C:maj,38.0
901,94.68827323333336,94.687693524,0.0,0.0,108.0,94.47088223333334,95.08863499166668,67.0,95.0,127.0,,,,,,94.68827323333336,95.84588030833336,55.0,26.0,276.0,93.81813,97.296386,C:maj,38.0
902,94.90204105,94.687693524,0.0,0.0,108.0,94.47088223333334,95.08863499166668,67.0,95.0,127.0,,,,,,94.68827323333336,95.84588030833336,55.0,26.0,276.0,93.81813,97.296386,C:maj,38.0
903,95.08863499166668,94.687693524,0.0,0.0,108.0,94.47088223333334,95.08863499166668,67.0,95.0,127.0,,,,,,94.68827323333336,95.84588030833336,55.0,26.0,276.0,93.81813,97.296386,C:maj,38.0
904,95.12305523333336,94.687693524,0.0,0.0,108.0,95.12305523333336,95.21725800000002,66.0,95.0,128.0,,,,,,95.12305523333336,95.41653308333336,36.0,65.0,277.0,93.81813,97.296386,C:maj,38.0
905,95.124866825,94.687693524,0.0,0.0,108.0,95.12305523333336,95.21725800000002,66.0,95.0,128.0,,,,,,95.12305523333336,95.41653308333336,36.0,65.0,277.0,93.81813,97.296386,C:maj,38.0
906,95.21725800000002,94.687693524,0.0,0.0,108.0,95.12305523333336,95.21725800000002,66.0,95.0,128.0,,,,,,95.12305523333336,95.41653308333336,36.0,65.0,277.0,93.81813,97.296386,C:maj,38.0
907,95.34044623333337,94.687693524,0.0,0.0,108.0,95.34044623333337,95.7607355,67.0,88.0,129.0,,,,,,95.12305523333336,95.41653308333336,36.0,65.0,277.0,93.81813,97.296386,C:maj,38.0
908,95.41653308333336,94.687693524,0.0,0.0,108.0,95.34044623333337,95.7607355,67.0,88.0,129.0,,,,,,95.12305523333336,95.41653308333336,36.0,65.0,277.0,93.81813,97.296386,C:maj,38.0
909,95.557257524,95.557257524,1.0,0.0,109.0,95.34044623333337,95.7607355,67.0,88.0,129.0,,,,,,,,,,,93.81813,97.296386,C:maj,38.0
910,95.55783723333334,95.557257524,1.0,0.0,109.0,95.34044623333337,95.7607355,67.0,88.0,129.0,,,,,,95.55783723333334,96.59950244166669,36.0,63.0,278.0,93.81813,97.296386,C:maj,38.0
911,95.7607355,95.557257524,1.0,0.0,109.0,95.34044623333337,95.7607355,67.0,88.0,129.0,,,,,,95.55783723333334,96.59950244166669,36.0,63.0,278.0,93.81813,97.296386,C:maj,38.0
912,95.84588030833336,95.557257524,1.0,0.0,109.0,,,,,,,,,,,95.55783723333334,96.59950244166669,36.0,63.0,278.0,93.81813,97.296386,C:maj,38.0
913,95.99261923333334,95.557257524,1.0,0.0,109.0,95.99261923333334,96.27160435000002,66.0,93.0,130.0,,,,,,95.99261923333334,96.50529967500002,55.0,74.0,279.0,93.81813,97.296386,C:maj,38.0
914,96.09587995833334,95.557257524,1.0,0.0,109.0,95.99261923333334,96.27160435000002,66.0,93.0,130.0,,,,,,95.99261923333334,96.50529967500002,55.0,74.0,279.0,93.81813,97.296386,C:maj,38.0
915,96.27160435000002,95.557257524,1.0,0.0,109.0,95.99261923333334,96.27160435000002,66.0,93.0,130.0,,,,,,95.99261923333334,96.50529967500002,55.0,74.0,279.0,93.81813,97.296386,C:maj,38.0
916,96.426821524,96.426821524,0.0,0.0,110.0,,,,,,,,,,,95.99261923333334,96.50529967500002,55.0,74.0,279.0,93.81813,97.296386,C:maj,38.0
917,96.42740123333334,96.426821524,0.0,0.0,110.0,96.42740123333334,96.78428479166668,59.0,89.0,131.0,,,,,,96.42740123333334,97.28971886666668,60.0,75.0,280.0,93.81813,97.296386,C:maj,38.0
918,96.42740123333334,96.426821524,0.0,0.0,110.0,96.42740123333334,96.78428479166668,59.0,89.0,131.0,,,,,,96.42740123333334,97.47631280833336,64.0,83.0,281.0,93.81813,97.296386,C:maj,38.0
919,96.50529967500002,96.426821524,0.0,0.0,110.0,96.42740123333334,96.78428479166668,59.0,89.0,131.0,,,,,,96.42740123333334,97.47631280833336,64.0,83.0,281.0,93.81813,97.296386,C:maj,38.0
920,96.59950244166669,96.426821524,0.0,0.0,110.0,96.42740123333334,96.78428479166668,59.0,89.0,131.0,,,,,,96.42740123333334,97.47631280833336,64.0,83.0,281.0,93.81813,97.296386,C:maj,38.0
921,96.78428479166668,96.426821524,0.0,0.0,110.0,96.42740123333334,96.78428479166668,59.0,89.0,131.0,,,,,,96.42740123333334,97.47631280833336,64.0,83.0,281.0,93.81813,97.296386,C:maj,38.0
922,96.86218323333335,96.426821524,0.0,0.0,110.0,96.86218323333335,97.0868206,62.0,95.0,132.0,,,,,,96.86218323333335,97.29877682500002,55.0,73.0,282.0,93.81813,97.296386,C:maj,38.0
923,97.0868206,96.426821524,0.0,0.0,110.0,96.86218323333335,97.0868206,62.0,95.0,132.0,,,,,,96.86218323333335,97.29877682500002,55.0,73.0,282.0,93.81813,97.296386,C:maj,38.0
924,97.28971886666668,96.426821524,0.0,0.0,110.0,,,,,,,,,,,96.86218323333335,97.29877682500002,55.0,73.0,282.0,93.81813,97.296386,C:maj,38.0
925,97.296385524,97.296385524,1.0,1.0,111.0,,,,,,,,,,,96.86218323333335,97.29877682500002,55.0,73.0,282.0,93.81813,97.296386,C:maj,38.0
926,97.296386,97.296385524,1.0,1.0,111.0,,,,,,,,,,,96.86218323333335,97.29877682500002,55.0,73.0,282.0,97.296386,100.774642,A:maj,39.0
927,97.29696523333337,97.296385524,1.0,1.0,111.0,97.29696523333337,97.47268962500002,62.0,99.0,133.0,,,,,,97.29696523333337,98.38573182500002,45.0,79.0,283.0,97.296386,100.774642,A:maj,39.0
928,97.29877682500002,97.296385524,1.0,1.0,111.0,97.29696523333337,97.47268962500002,62.0,99.0,133.0,,,,,,97.29696523333337,98.38573182500002,45.0,79.0,283.0,97.296386,100.774642,A:maj,39.0
929,97.47268962500002,97.296385524,1.0,1.0,111.0,97.29696523333337,97.47268962500002,62.0,99.0,133.0,,,,,,97.29696523333337,98.38573182500002,45.0,79.0,283.0,97.296386,100.774642,A:maj,39.0
930,97.47631280833336,97.296385524,1.0,1.0,111.0,,,,,,,,,,,97.29696523333337,98.38573182500002,45.0,79.0,283.0,97.296386,100.774642,A:maj,39.0
931,97.73174723333337,97.296385524,1.0,1.0,111.0,97.73174723333337,97.820515225,62.0,89.0,134.0,,,,,,97.73174723333337,98.49442732500002,52.0,82.0,284.0,97.296386,100.774642,A:maj,39.0
932,97.820515225,97.296385524,1.0,1.0,111.0,97.73174723333337,97.820515225,62.0,89.0,134.0,,,,,,97.73174723333337,98.49442732500002,52.0,82.0,284.0,97.296386,100.774642,A:maj,39.0
933,97.94913823333334,97.296385524,1.0,1.0,111.0,97.94913823333334,98.06508010000002,62.0,90.0,135.0,,,,,,97.73174723333337,98.49442732500002,52.0,82.0,284.0,97.296386,100.774642,A:maj,39.0
934,98.06508010000002,97.296385524,1.0,1.0,111.0,97.94913823333334,98.06508010000002,62.0,90.0,135.0,,,,,,97.73174723333337,98.49442732500002,52.0,82.0,284.0,97.296386,100.774642,A:maj,39.0
935,98.165949524,98.165949524,0.0,0.0,112.0,,,,,,,,,,,97.73174723333337,98.49442732500002,52.0,82.0,284.0,97.296386,100.774642,A:maj,39.0
936,98.16652923333336,98.165949524,0.0,0.0,112.0,,,,,,,,,,,98.16652923333336,99.54877367500002,64.0,72.0,285.0,97.296386,100.774642,A:maj,39.0
937,98.16652923333336,98.165949524,0.0,0.0,112.0,,,,,,,,,,,98.16652923333336,99.42015066666669,61.0,75.0,286.0,97.296386,100.774642,A:maj,39.0
938,98.16652923333336,98.165949524,0.0,0.0,112.0,,,,,,,,,,,98.16652923333336,99.20457125833336,57.0,67.0,287.0,97.296386,100.774642,A:maj,39.0
939,98.38392023333334,98.165949524,0.0,0.0,112.0,98.38392023333334,98.46725345000002,64.0,90.0,136.0,,,,,,98.16652923333336,99.20457125833336,57.0,67.0,287.0,97.296386,100.774642,A:maj,39.0
940,98.38573182500002,98.165949524,0.0,0.0,112.0,98.38392023333334,98.46725345000002,64.0,90.0,136.0,,,,,,98.16652923333336,99.20457125833336,57.0,67.0,287.0,97.296386,100.774642,A:maj,39.0
941,98.46725345000002,98.165949524,0.0,0.0,112.0,98.38392023333334,98.46725345000002,64.0,90.0,136.0,,,,,,98.16652923333336,99.20457125833336,57.0,67.0,287.0,97.296386,100.774642,A:maj,39.0
942,98.49442732500002,98.165949524,0.0,0.0,112.0,,,,,,,,,,,98.16652923333336,99.20457125833336,57.0,67.0,287.0,97.296386,100.774642,A:maj,39.0
943,98.60131123333336,98.165949524,0.0,0.0,112.0,98.60131123333336,99.03609323333336,66.0,100.0,137.0,,,,,,98.60131123333336,98.907470225,45.0,73.0,288.0,97.296386,100.774642,A:maj,39.0
944,98.907470225,98.165949524,0.0,0.0,112.0,98.60131123333336,99.03609323333336,66.0,100.0,137.0,,,,,,98.60131123333336,98.907470225,45.0,73.0,288.0,97.296386,100.774642,A:maj,39.0
945,99.035513524,99.035513524,1.0,0.0,113.0,98.60131123333336,99.03609323333336,66.0,100.0,137.0,,,,,,,,,,,97.296386,100.774642,A:maj,39.0
946,99.03609323333336,99.035513524,1.0,0.0,113.0,99.03609323333336,99.95457020833337,64.0,92.0,138.0,,,,,,99.03609323333336,100.34225082500002,45.0,89.0,289.0,97.296386,100.774642,A:maj,39.0
947,99.20457125833336,99.035513524,1.0,0.0,113.0,99.03609323333336,99.95457020833337,64.0,92.0,138.0,,,,,,99.03609323333336,100.34225082500002,45.0,89.0,289.0,97.296386,100.774642,A:maj,39.0
948,99.42015066666669,99.035513524,1.0,0.0,113.0,99.03609323333336,99.95457020833337,64.0,92.0,138.0,,,,,,99.03609323333336,100.34225082500002,45.0,89.0,289.0,97.296386,100.774642,A:maj,39.0
949,99.47087523333336,99.035513524,1.0,0.0,113.0,99.03609323333336,99.95457020833337,64.0,92.0,138.0,,,,,,99.47087523333336,100.02522228333336,52.0,53.0,290.0,97.296386,100.774642,A:maj,39.0
950,99.54877367500002,99.035513524,1.0,0.0,113.0,99.03609323333336,99.95457020833337,64.0,92.0,138.0,,,,,,99.47087523333336,100.02522228333336,52.0,53.0,290.0,97.296386,100.774642,A:maj,39.0
951,99.68826623333337,99.035513524,1.0,0.0,113.0,99.03609323333336,99.95457020833337,64.0,92.0,138.0,,,,,,99.68826623333337,100.11217868333335,57.0,82.0,291.0,97.296386,100.774642,A:maj,39.0
952,99.905077524,99.905077524,0.0,0.0,114.0,99.03609323333336,99.95457020833337,64.0,92.0,138.0,,,,,,99.68826623333337,100.11217868333335,57.0,82.0,291.0,97.296386,100.774642,A:maj,39.0
953,99.90565723333334,99.905077524,0.0,0.0,114.0,99.03609323333336,99.95457020833337,64.0,92.0,138.0,,,,,,99.90565723333334,100.78246760000002,64.0,102.0,292.0,97.296386,100.774642,A:maj,39.0
954,99.95457020833337,99.905077524,0.0,0.0,114.0,99.03609323333336,99.95457020833337,64.0,92.0,138.0,,,,,,99.90565723333334,100.78246760000002,64.0,102.0,292.0,97.296386,100.774642,A:maj,39.0
955,100.02522228333336,99.905077524,0.0,0.0,114.0,,,,,,,,,,,99.90565723333334,100.78246760000002,64.0,102.0,292.0,97.296386,100.774642,A:maj,39.0
956,100.11217868333335,99.905077524,0.0,0.0,114.0,,,,,,,,,,,99.90565723333334,100.78246760000002,64.0,102.0,292.0,97.296386,100.774642,A:maj,39.0
957,100.12304823333336,99.905077524,0.0,0.0,114.0,,,,,,,,,,,100.12304823333336,100.28971466666668,52.0,73.0,293.0,97.296386,100.774642,A:maj,39.0
958,100.28971466666668,99.905077524,0.0,0.0,114.0,,,,,,,,,,,100.12304823333336,100.28971466666668,52.0,73.0,293.0,97.296386,100.774642,A:maj,39.0
959,100.34043923333334,99.905077524,0.0,0.0,114.0,,,,,,,,,,,100.34043923333334,100.75167054166668,61.0,95.0,294.0,97.296386,100.774642,A:maj,39.0
960,100.34225082500002,99.905077524,0.0,0.0,114.0,,,,,,,,,,,100.34043923333334,100.75167054166668,61.0,95.0,294.0,97.296386,100.774642,A:maj,39.0
961,100.55783023333336,99.905077524,0.0,0.0,114.0,100.55783023333336,100.71000393333335,57.0,86.0,139.0,,,,,,100.55783023333336,101.43826378333335,57.0,75.0,295.0,97.296386,100.774642,A:maj,39.0
962,100.71000393333335,99.905077524,0.0,0.0,114.0,100.55783023333336,100.71000393333335,57.0,86.0,139.0,,,,,,100.55783023333336,101.43826378333335,57.0,75.0,295.0,97.296386,100.774642,A:maj,39.0
963,100.75167054166668,99.905077524,0.0,0.0,114.0,,,,,,,,,,,100.55783023333336,101.43826378333335,57.0,75.0,295.0,97.296386,100.774642,A:maj,39.0
964,100.774641524,100.774641524,1.0,1.0,115.0,,,,,,,,,,,100.55783023333336,101.43826378333335,57.0,75.0,295.0,97.296386,100.774642,A:maj,39.0
965,100.774642,100.774641524,1.0,1.0,115.0,,,,,,,,,,,100.55783023333336,101.43826378333335,57.0,75.0,295.0,100.774642,104.252898,D:maj,40.0
966,100.77522123333335,100.774641524,1.0,1.0,115.0,100.77522123333335,101.13753956666667,64.0,93.0,140.0,,,,,,100.77522123333335,102.39297259166668,38.0,79.0,296.0,100.774642,104.252898,D:maj,40.0
967,100.78246760000002,100.774641524,1.0,1.0,115.0,100.77522123333335,101.13753956666667,64.0,93.0,140.0,,,,,,100.77522123333335,102.39297259166668,38.0,79.0,296.0,100.774642,104.252898,D:maj,40.0
968,101.13753956666667,100.774641524,1.0,1.0,115.0,100.77522123333335,101.13753956666667,64.0,93.0,140.0,,,,,,100.77522123333335,102.39297259166668,38.0,79.0,296.0,100.774642,104.252898,D:maj,40.0
969,101.21000323333335,100.774641524,1.0,1.0,115.0,101.21000323333335,101.58319111666668,66.0,92.0,141.0,,,,,,101.21000323333335,102.54333470000002,45.0,50.0,297.0,100.774642,104.252898,D:maj,40.0
970,101.42739423333336,100.774641524,1.0,1.0,115.0,101.42739423333336,101.58319111666668,66.0,100.0,142.0,,,,,,101.21000323333335,102.54333470000002,45.0,50.0,297.0,100.774642,104.252898,D:maj,40.0
971,101.43826378333335,100.774641524,1.0,1.0,115.0,101.42739423333336,101.58319111666668,66.0,100.0,142.0,,,,,,101.21000323333335,102.54333470000002,45.0,50.0,297.0,100.774642,104.252898,D:maj,40.0
972,101.58319111666668,100.774641524,1.0,1.0,115.0,101.42739423333336,101.58319111666668,66.0,100.0,142.0,,,,,,101.21000323333335,102.54333470000002,45.0,50.0,297.0,100.774642,104.252898,D:maj,40.0
973,101.644205524,101.644205524,0.0,0.0,116.0,,,,,,,,,,,101.21000323333335,102.54333470000002,45.0,50.0,297.0,100.774642,104.252898,D:maj,40.0
974,101.64478523333337,101.644205524,0.0,0.0,116.0,,,,,,,,,,,101.64478523333337,103.287898875,62.0,72.0,298.0,100.774642,104.252898,D:maj,40.0
975,101.64478523333337,101.644205524,0.0,0.0,116.0,,,,,,,,,,,101.64478523333337,102.33500165833335,50.0,46.0,299.0,100.774642,104.252898,D:maj,40.0
976,101.64478523333337,101.644205524,0.0,0.0,116.0,,,,,,,,,,,101.64478523333337,103.23355112500002,66.0,93.0,300.0,100.774642,104.252898,D:maj,40.0
977,102.07956723333336,101.644205524,0.0,0.0,116.0,102.07956723333336,102.1955091,64.0,93.0,143.0,,,,,,102.07956723333336,103.36036254166667,57.0,73.0,301.0,100.774642,104.252898,D:maj,40.0
978,102.1955091,101.644205524,0.0,0.0,116.0,102.07956723333336,102.1955091,64.0,93.0,143.0,,,,,,102.07956723333336,103.36036254166667,57.0,73.0,301.0,100.774642,104.252898,D:maj,40.0
979,102.29695823333336,101.644205524,0.0,0.0,116.0,102.29695823333336,102.613986775,66.0,99.0,144.0,,,,,,102.07956723333336,103.36036254166667,57.0,73.0,301.0,100.774642,104.252898,D:maj,40.0
980,102.33500165833335,101.644205524,0.0,0.0,116.0,102.29695823333336,102.613986775,66.0,99.0,144.0,,,,,,102.07956723333336,103.36036254166667,57.0,73.0,301.0,100.774642,104.252898,D:maj,40.0
981,102.39297259166668,101.644205524,0.0,0.0,116.0,102.29695823333336,102.613986775,66.0,99.0,144.0,,,,,,102.07956723333336,103.36036254166667,57.0,73.0,301.0,100.774642,104.252898,D:maj,40.0
982,102.513769524,102.513769524,1.0,0.0,117.0,102.29695823333336,102.613986775,66.0,99.0,144.0,,,,,,102.07956723333336,103.36036254166667,57.0,73.0,301.0,100.774642,104.252898,D:maj,40.0
983,102.51434923333336,102.513769524,1.0,0.0,117.0,102.29695823333336,102.613986775,66.0,99.0,144.0,,,,,,102.51434923333336,103.49079714166668,38.0,81.0,302.0,100.774642,104.252898,D:maj,40.0
984,102.54333470000002,102.513769524,1.0,0.0,117.0,102.29695823333336,102.613986775,66.0,99.0,144.0,,,,,,102.51434923333336,103.49079714166668,38.0,81.0,302.0,100.774642,104.252898,D:maj,40.0
985,102.613986775,102.513769524,1.0,0.0,117.0,102.29695823333336,102.613986775,66.0,99.0,144.0,,,,,,102.51434923333336,103.49079714166668,38.0,81.0,302.0,100.774642,104.252898,D:maj,40.0
986,102.73174023333335,102.513769524,1.0,0.0,117.0,102.73174023333335,103.016160125,64.0,89.0,145.0,,,,,,102.51434923333336,103.49079714166668,38.0,81.0,302.0,100.774642,104.252898,D:maj,40.0
987,102.94913123333336,102.513769524,1.0,0.0,117.0,102.73174023333335,103.016160125,64.0,89.0,145.0,,,,,,102.94913123333336,103.809637275,45.0,60.0,303.0,100.774642,104.252898,D:maj,40.0
988,103.016160125,102.513769524,1.0,0.0,117.0,102.73174023333335,103.016160125,64.0,89.0,145.0,,,,,,102.94913123333336,103.809637275,45.0,60.0,303.0,100.774642,104.252898,D:maj,40.0
989,103.16652223333335,102.513769524,1.0,0.0,117.0,103.16652223333335,103.516159425,57.0,86.0,146.0,,,,,,102.94913123333336,103.809637275,45.0,60.0,303.0,100.774642,104.252898,D:maj,40.0
990,103.23355112500002,102.513769524,1.0,0.0,117.0,103.16652223333335,103.516159425,57.0,86.0,146.0,,,,,,102.94913123333336,103.809637275,45.0,60.0,303.0,100.774642,104.252898,D:maj,40.0
991,103.287898875,102.513769524,1.0,0.0,117.0,103.16652223333335,103.516159425,57.0,86.0,146.0,,,,,,102.94913123333336,103.809637275,45.0,60.0,303.0,100.774642,104.252898,D:maj,40.0
992,103.36036254166667,102.513769524,1.0,0.0,117.0,103.16652223333335,103.516159425,57.0,86.0,146.0,,,,,,102.94913123333336,103.809637275,45.0,60.0,303.0,100.774642,104.252898,D:maj,40.0
993,103.383333524,103.383333524,0.0,0.0,118.0,103.16652223333335,103.516159425,57.0,86.0,146.0,,,,,,102.94913123333336,103.809637275,45.0,60.0,303.0,100.774642,104.252898,D:maj,40.0
994,103.38391323333336,103.383333524,0.0,0.0,118.0,103.16652223333335,103.516159425,57.0,86.0,146.0,,,,,,103.38391323333336,104.27340474166668,62.0,69.0,304.0,100.774642,104.252898,D:maj,40.0
995,103.38391323333336,103.383333524,0.0,0.0,118.0,103.16652223333335,103.516159425,57.0,86.0,146.0,,,,,,103.38391323333336,104.39659297500002,66.0,107.0,305.0,100.774642,104.252898,D:maj,40.0
996,103.38391323333336,103.383333524,0.0,0.0,118.0,103.16652223333335,103.516159425,57.0,86.0,146.0,,,,,,103.38391323333336,103.62123174166668,50.0,77.0,306.0,100.774642,104.252898,D:maj,40.0
997,103.49079714166668,103.383333524,0.0,0.0,118.0,103.16652223333335,103.516159425,57.0,86.0,146.0,,,,,,103.38391323333336,103.62123174166668,50.0,77.0,306.0,100.774642,104.252898,D:maj,40.0
998,103.516159425,103.383333524,0.0,0.0,118.0,103.16652223333335,103.516159425,57.0,86.0,146.0,,,,,,103.38391323333336,103.62123174166668,50.0,77.0,306.0,100.774642,104.252898,D:maj,40.0
999,103.62123174166668,103.383333524,0.0,0.0,118.0,,,,,,,,,,,103.38391323333336,103.62123174166668,50.0,77.0,306.0,100.774642,104.252898,D:maj,40.0
1000,103.809637275,103.383333524,0.0,0.0,118.0,,,,,,,,,,,,,,,,100.774642,104.252898,D:maj,40.0
1001,103.81869523333334,103.383333524,0.0,0.0,118.0,,,,,,,,,,,103.81869523333334,104.09043398333336,38.0,85.0,307.0,100.774642,104.252898,D:maj,40.0
1002,104.03608623333336,103.383333524,0.0,0.0,118.0,104.03608623333336,104.19912948333337,54.0,83.0,147.0,,,,,,103.81869523333334,104.09043398333336,38.0,85.0,307.0,100.774642,104.252898,D:maj,40.0
1003,104.09043398333336,103.383333524,0.0,0.0,118.0,104.03608623333336,104.19912948333337,54.0,83.0,147.0,,,,,,103.81869523333334,104.09043398333336,38.0,85.0,307.0,100.774642,104.252898,D:maj,40.0
1004,104.19912948333337,103.383333524,0.0,0.0,118.0,104.03608623333336,104.19912948333337,54.0,83.0,147.0,,,,,,,,,,,100.774642,104.252898,D:maj,40.0
1005,104.252897524,104.252897524,1.0,1.0,119.0,,,,,,,,,,,,,,,,100.774642,104.252898,D:maj,40.0
1006,104.252898,104.252897524,1.0,1.0,119.0,,,,,,,,,,,,,,,,104.252898,107.731154,B:min,41.0
1007,104.25347723333336,104.252897524,1.0,1.0,119.0,104.25347723333336,104.61579556666668,61.0,96.0,148.0,,,,,,104.25347723333336,105.43825818333336,47.0,86.0,308.0,104.252898,107.731154,B:min,41.0
1008,104.27340474166668,104.252897524,1.0,1.0,119.0,104.25347723333336,104.61579556666668,61.0,96.0,148.0,,,,,,104.25347723333336,105.43825818333336,47.0,86.0,308.0,104.252898,107.731154,B:min,41.0
1009,104.39659297500002,104.252897524,1.0,1.0,119.0,104.25347723333336,104.61579556666668,61.0,96.0,148.0,,,,,,104.25347723333336,105.43825818333336,47.0,86.0,308.0,104.252898,107.731154,B:min,41.0
1010,104.61579556666668,104.252897524,1.0,1.0,119.0,104.25347723333336,104.61579556666668,61.0,96.0,148.0,,,,,,104.25347723333336,105.43825818333336,47.0,86.0,308.0,104.252898,107.731154,B:min,41.0
1011,104.68825923333335,104.252897524,1.0,1.0,119.0,104.68825923333335,104.95999798333337,62.0,89.0,149.0,,,,,,104.68825923333335,105.52702617500002,54.0,72.0,309.0,104.252898,107.731154,B:min,41.0
1012,104.95999798333337,104.252897524,1.0,1.0,119.0,104.68825923333335,104.95999798333337,62.0,89.0,149.0,,,,,,104.68825923333335,105.52702617500002,54.0,72.0,309.0,104.252898,107.731154,B:min,41.0
1013,105.122461524,105.122461524,0.0,0.0,120.0,,,,,,,,,,,104.68825923333335,105.52702617500002,54.0,72.0,309.0,104.252898,107.731154,B:min,41.0
1014,105.12304123333335,105.122461524,0.0,0.0,120.0,105.12304123333335,105.38753361666669,62.0,95.0,150.0,,,,,,105.12304123333335,106.28245990000002,66.0,100.0,310.0,104.252898,107.731154,B:min,41.0
1015,105.12304123333335,105.122461524,0.0,0.0,120.0,105.12304123333335,105.38753361666669,62.0,95.0,150.0,,,,,,105.12304123333335,106.34586560833336,62.0,67.0,311.0,104.252898,107.731154,B:min,41.0
1016,105.38753361666669,105.122461524,0.0,0.0,120.0,105.12304123333335,105.38753361666669,62.0,95.0,150.0,,,,,,105.12304123333335,106.34586560833336,62.0,67.0,311.0,104.252898,107.731154,B:min,41.0
1017,105.43825818333336,105.122461524,0.0,0.0,120.0,,,,,,,,,,,105.12304123333335,106.34586560833336,62.0,67.0,311.0,104.252898,107.731154,B:min,41.0
1018,105.52702617500002,105.122461524,0.0,0.0,120.0,,,,,,,,,,,105.12304123333335,106.34586560833336,62.0,67.0,311.0,104.252898,107.731154,B:min,41.0
1019,105.55782323333337,105.122461524,0.0,0.0,120.0,105.55782323333337,105.7389824,61.0,97.0,151.0,,,,,,105.55782323333337,105.89477928333336,47.0,82.0,312.0,104.252898,107.731154,B:min,41.0
1020,105.7389824,105.122461524,0.0,0.0,120.0,105.55782323333337,105.7389824,61.0,97.0,151.0,,,,,,105.55782323333337,105.89477928333336,47.0,82.0,312.0,104.252898,107.731154,B:min,41.0
1021,105.77521423333334,105.122461524,0.0,0.0,120.0,105.77521423333334,106.16108325833336,62.0,92.0,152.0,,,,,,105.55782323333337,105.89477928333336,47.0,82.0,312.0,104.252898,107.731154,B:min,41.0
1022,105.89477928333336,105.122461524,0.0,0.0,120.0,105.77521423333334,106.16108325833336,62.0,92.0,152.0,,,,,,105.55782323333337,105.89477928333336,47.0,82.0,312.0,104.252898,107.731154,B:min,41.0
1023,105.992025524,105.992025524,1.0,0.0,121.0,105.77521423333334,106.16108325833336,62.0,92.0,152.0,,,,,,,,,,,104.252898,107.731154,B:min,41.0
1024,105.99260523333336,105.992025524,1.0,0.0,121.0,105.77521423333334,106.16108325833336,62.0,92.0,152.0,,,,,,105.99260523333336,106.961806775,47.0,82.0,313.0,104.252898,107.731154,B:min,41.0
1025,106.16108325833336,105.992025524,1.0,0.0,121.0,105.77521423333334,106.16108325833336,62.0,92.0,152.0,,,,,,105.99260523333336,106.961806775,47.0,82.0,313.0,104.252898,107.731154,B:min,41.0
1026,106.20999623333336,105.992025524,1.0,0.0,121.0,106.20999623333336,106.44550315000002,64.0,99.0,153.0,,,,,,105.99260523333336,106.961806775,47.0,82.0,313.0,104.252898,107.731154,B:min,41.0
1027,106.28245990000002,105.992025524,1.0,0.0,121.0,106.20999623333336,106.44550315000002,64.0,99.0,153.0,,,,,,105.99260523333336,106.961806775,47.0,82.0,313.0,104.252898,107.731154,B:min,41.0
1028,106.34586560833336,105.992025524,1.0,0.0,121.0,106.20999623333336,106.44550315000002,64.0,99.0,153.0,,,,,,105.99260523333336,106.961806775,47.0,82.0,313.0,104.252898,107.731154,B:min,41.0
1029,106.42738723333336,105.992025524,1.0,0.0,121.0,106.20999623333336,106.44550315000002,64.0,99.0,153.0,,,,,,106.42738723333336,107.00528497500002,59.0,77.0,314.0,104.252898,107.731154,B:min,41.0
1030,106.44550315000002,105.992025524,1.0,0.0,121.0,106.20999623333336,106.44550315000002,64.0,99.0,153.0,,,,,,106.42738723333336,107.00528497500002,59.0,77.0,314.0,104.252898,107.731154,B:min,41.0
1031,106.64477823333335,105.992025524,1.0,0.0,121.0,106.64477823333335,107.17376300000002,66.0,102.0,154.0,,,,,,106.42738723333336,107.00528497500002,59.0,77.0,314.0,104.252898,107.731154,B:min,41.0
1032,106.861589524,106.861589524,0.0,0.0,122.0,106.64477823333335,107.17376300000002,66.0,102.0,154.0,,,,,,106.42738723333336,107.00528497500002,59.0,77.0,314.0,104.252898,107.731154,B:min,41.0
1033,106.86216923333336,106.861589524,0.0,0.0,122.0,106.64477823333335,107.17376300000002,66.0,102.0,154.0,,,,,,106.86216923333336,107.69912458333334,66.0,112.0,315.0,104.252898,107.731154,B:min,41.0
1034,106.961806775,106.861589524,0.0,0.0,122.0,106.64477823333335,107.17376300000002,66.0,102.0,154.0,,,,,,106.86216923333336,107.69912458333334,66.0,112.0,315.0,104.252898,107.731154,B:min,41.0
1035,107.00528497500002,106.861589524,0.0,0.0,122.0,106.64477823333335,107.17376300000002,66.0,102.0,154.0,,,,,,106.86216923333336,107.69912458333334,66.0,112.0,315.0,104.252898,107.731154,B:min,41.0
1036,107.07956023333335,106.861589524,0.0,0.0,122.0,106.64477823333335,107.17376300000002,66.0,102.0,154.0,,,,,,107.07956023333335,107.71542890833337,62.0,51.0,316.0,104.252898,107.731154,B:min,41.0
1037,107.17376300000002,106.861589524,0.0,0.0,122.0,106.64477823333335,107.17376300000002,66.0,102.0,154.0,,,,,,107.07956023333335,107.71542890833337,62.0,51.0,316.0,104.252898,107.731154,B:min,41.0
1038,107.29695123333336,106.861589524,0.0,0.0,122.0,,,,,,,,,,,107.29695123333336,107.766153475,59.0,77.0,317.0,104.252898,107.731154,B:min,41.0
1039,107.51434223333337,106.861589524,0.0,0.0,122.0,107.51434223333337,107.61941455000002,59.0,92.0,155.0,,,,,,107.29695123333336,107.766153475,59.0,77.0,317.0,104.252898,107.731154,B:min,41.0
1040,107.61941455000002,106.861589524,0.0,0.0,122.0,107.51434223333337,107.61941455000002,59.0,92.0,155.0,,,,,,107.29695123333336,107.766153475,59.0,77.0,317.0,104.252898,107.731154,B:min,41.0
1041,107.69912458333334,106.861589524,0.0,0.0,122.0,,,,,,,,,,,107.29695123333336,107.766153475,59.0,77.0,317.0,104.252898,107.731154,B:min,41.0
1042,107.71542890833337,106.861589524,0.0,0.0,122.0,,,,,,,,,,,107.29695123333336,107.766153475,59.0,77.0,317.0,104.252898,107.731154,B:min,41.0
1043,107.731153524,107.731153524,1.0,1.0,123.0,,,,,,,,,,,107.29695123333336,107.766153475,59.0,77.0,317.0,104.252898,107.731154,B:min,41.0
1044,107.731154,107.731153524,1.0,1.0,123.0,,,,,,,,,,,107.29695123333336,107.766153475,59.0,77.0,317.0,107.731154,111.20941,C:maj,42.0
1045,107.73173323333334,107.731153524,1.0,1.0,123.0,107.73173323333334,108.07774724166669,66.0,107.0,156.0,,,,,,107.73173323333334,108.71905069166668,36.0,82.0,318.0,107.731154,111.20941,C:maj,42.0
1046,107.766153475,107.731153524,1.0,1.0,123.0,107.73173323333334,108.07774724166669,66.0,107.0,156.0,,,,,,107.73173323333334,108.71905069166668,36.0,82.0,318.0,107.731154,111.20941,C:maj,42.0
1047,108.07774724166669,107.731153524,1.0,1.0,123.0,107.73173323333334,108.07774724166669,66.0,107.0,156.0,,,,,,107.73173323333334,108.71905069166668,36.0,82.0,318.0,107.731154,111.20941,C:maj,42.0
1048,108.16651523333336,107.731153524,1.0,1.0,123.0,108.16651523333336,108.27702232500002,67.0,92.0,157.0,,,,,,108.16651523333336,108.90383304166669,43.0,50.0,319.0,107.731154,111.20941,C:maj,42.0
1049,108.27702232500002,107.731153524,1.0,1.0,123.0,108.16651523333336,108.27702232500002,67.0,92.0,157.0,,,,,,108.16651523333336,108.90383304166669,43.0,50.0,319.0,107.731154,111.20941,C:maj,42.0
1050,108.38390623333336,107.731153524,1.0,1.0,123.0,108.38390623333336,108.76796366666667,67.0,100.0,158.0,,,,,,108.16651523333336,108.90383304166669,43.0,50.0,319.0,107.731154,111.20941,C:maj,42.0
1051,108.600717524,108.600717524,0.0,0.0,124.0,108.38390623333336,108.76796366666667,67.0,100.0,158.0,,,,,,108.16651523333336,108.90383304166669,43.0,50.0,319.0,107.731154,111.20941,C:maj,42.0
1052,108.60129723333336,108.600717524,0.0,0.0,124.0,108.38390623333336,108.76796366666667,67.0,100.0,158.0,,,,,,108.60129723333336,109.90202005000002,64.0,69.0,320.0,107.731154,111.20941,C:maj,42.0
1053,108.60129723333336,108.600717524,0.0,0.0,124.0,108.38390623333336,108.76796366666667,67.0,100.0,158.0,,,,,,108.60129723333336,109.90926641666668,60.0,74.0,321.0,107.731154,111.20941,C:maj,42.0
1054,108.71905069166668,108.600717524,0.0,0.0,124.0,108.38390623333336,108.76796366666667,67.0,100.0,158.0,,,,,,108.60129723333336,109.90926641666668,60.0,74.0,321.0,107.731154,111.20941,C:maj,42.0
1055,108.76796366666667,108.600717524,0.0,0.0,124.0,108.38390623333336,108.76796366666667,67.0,100.0,158.0,,,,,,108.60129723333336,109.90926641666668,60.0,74.0,321.0,107.731154,111.20941,C:maj,42.0
1056,108.90383304166669,108.600717524,0.0,0.0,124.0,,,,,,,,,,,108.60129723333336,109.90926641666668,60.0,74.0,321.0,107.731154,111.20941,C:maj,42.0
1057,109.03607923333335,108.600717524,0.0,0.0,124.0,109.03607923333335,109.15383269166668,66.0,102.0,159.0,,,,,,109.03607923333335,109.34042663333337,36.0,69.0,322.0,107.731154,111.20941,C:maj,42.0
1058,109.15383269166668,108.600717524,0.0,0.0,124.0,109.03607923333335,109.15383269166668,66.0,102.0,159.0,,,,,,109.03607923333335,109.34042663333337,36.0,69.0,322.0,107.731154,111.20941,C:maj,42.0
1059,109.25347023333336,108.600717524,0.0,0.0,124.0,109.25347023333336,109.65383199166668,67.0,97.0,160.0,,,,,,109.03607923333335,109.34042663333337,36.0,69.0,322.0,107.731154,111.20941,C:maj,42.0
1060,109.34042663333337,108.600717524,0.0,0.0,124.0,109.25347023333336,109.65383199166668,67.0,97.0,160.0,,,,,,109.03607923333335,109.34042663333337,36.0,69.0,322.0,107.731154,111.20941,C:maj,42.0
1061,109.470281524,109.470281524,1.0,0.0,125.0,109.25347023333336,109.65383199166668,67.0,97.0,160.0,,,,,,,,,,,107.731154,111.20941,C:maj,42.0
1062,109.47086123333337,109.470281524,1.0,0.0,125.0,109.25347023333336,109.65383199166668,67.0,97.0,160.0,,,,,,109.47086123333337,110.57230896666668,36.0,89.0,323.0,107.731154,111.20941,C:maj,42.0
1063,109.65383199166668,109.470281524,1.0,0.0,125.0,109.25347023333336,109.65383199166668,67.0,97.0,160.0,,,,,,109.47086123333337,110.57230896666668,36.0,89.0,323.0,107.731154,111.20941,C:maj,42.0
1064,109.90202005000002,109.470281524,1.0,0.0,125.0,,,,,,,,,,,109.47086123333337,110.57230896666668,36.0,89.0,323.0,107.731154,111.20941,C:maj,42.0
1065,109.90564323333336,109.470281524,1.0,0.0,125.0,109.90564323333336,110.30057021666669,66.0,97.0,161.0,,,,,,109.90564323333336,111.10310532500002,55.0,63.0,324.0,107.731154,111.20941,C:maj,42.0
1066,109.90926641666668,109.470281524,1.0,0.0,125.0,109.90564323333336,110.30057021666669,66.0,97.0,161.0,,,,,,109.90564323333336,111.10310532500002,55.0,63.0,324.0,107.731154,111.20941,C:maj,42.0
1067,110.30057021666669,109.470281524,1.0,0.0,125.0,109.90564323333336,110.30057021666669,66.0,97.0,161.0,,,,,,109.90564323333336,111.10310532500002,55.0,63.0,324.0,107.731154,111.20941,C:maj,42.0
1068,110.339845524,110.339845524,0.0,0.0,126.0,,,,,,,,,,,109.90564323333336,111.10310532500002,55.0,63.0,324.0,107.731154,111.20941,C:maj,42.0
1069,110.34042523333336,110.339845524,0.0,0.0,126.0,110.34042523333336,110.68643924166668,59.0,95.0,162.0,,,,,,110.34042523333336,111.28245290000002,64.0,93.0,325.0,107.731154,111.20941,C:maj,42.0
1070,110.57230896666668,110.339845524,0.0,0.0,126.0,110.34042523333336,110.68643924166668,59.0,95.0,162.0,,,,,,110.34042523333336,111.28245290000002,64.0,93.0,325.0,107.731154,111.20941,C:maj,42.0
1071,110.68643924166668,110.339845524,0.0,0.0,126.0,110.34042523333336,110.68643924166668,59.0,95.0,162.0,,,,,,110.34042523333336,111.28245290000002,64.0,93.0,325.0,107.731154,111.20941,C:maj,42.0
1072,110.77520723333336,110.339845524,0.0,0.0,126.0,110.77520723333336,111.081366225,62.0,107.0,163.0,,,,,,110.77520723333336,111.21361241666668,60.0,64.0,326.0,107.731154,111.20941,C:maj,42.0
1073,111.081366225,110.339845524,0.0,0.0,126.0,110.77520723333336,111.081366225,62.0,107.0,163.0,,,,,,110.77520723333336,111.21361241666668,60.0,64.0,326.0,107.731154,111.20941,C:maj,42.0
1074,111.10310532500002,110.339845524,0.0,0.0,126.0,,,,,,,,,,,110.77520723333336,111.21361241666668,60.0,64.0,326.0,107.731154,111.20941,C:maj,42.0
1075,111.209409524,111.209409524,1.0,1.0,127.0,,,,,,,,,,,110.77520723333336,111.21361241666668,60.0,64.0,326.0,107.731154,111.20941,C:maj,42.0
1076,111.20941,111.209409524,1.0,1.0,127.0,,,,,,,,,,,110.77520723333336,111.21361241666668,60.0,64.0,326.0,111.20941,114.687666,A:maj,43.0
1077,111.20998923333336,111.209409524,1.0,1.0,127.0,111.20998923333336,111.5433221,62.0,100.0,164.0,,,,,,111.20998923333336,112.24984285000002,45.0,83.0,327.0,111.20941,114.687666,A:maj,43.0
1078,111.21361241666668,111.209409524,1.0,1.0,127.0,111.20998923333336,111.5433221,62.0,100.0,164.0,,,,,,111.20998923333336,112.24984285000002,45.0,83.0,327.0,111.20941,114.687666,A:maj,43.0
1079,111.28245290000002,111.209409524,1.0,1.0,127.0,111.20998923333336,111.5433221,62.0,100.0,164.0,,,,,,111.20998923333336,112.24984285000002,45.0,83.0,327.0,111.20941,114.687666,A:maj,43.0
1080,111.5433221,111.209409524,1.0,1.0,127.0,111.20998923333336,111.5433221,62.0,100.0,164.0,,,,,,111.20998923333336,112.24984285000002,45.0,83.0,327.0,111.20941,114.687666,A:maj,43.0
1081,111.64477123333334,111.209409524,1.0,1.0,127.0,111.64477123333334,111.70455375833336,62.0,89.0,165.0,,,,,,111.64477123333334,112.35853835000002,52.0,64.0,328.0,111.20941,114.687666,A:maj,43.0
1082,111.70455375833336,111.209409524,1.0,1.0,127.0,111.64477123333334,111.70455375833336,62.0,89.0,165.0,,,,,,111.64477123333334,112.35853835000002,52.0,64.0,328.0,111.20941,114.687666,A:maj,43.0
1083,111.86216223333336,111.209409524,1.0,1.0,127.0,111.86216223333336,112.070495275,62.0,97.0,166.0,,,,,,111.64477123333334,112.35853835000002,52.0,64.0,328.0,111.20941,114.687666,A:maj,43.0
1084,112.070495275,111.209409524,1.0,1.0,127.0,111.86216223333336,112.070495275,62.0,97.0,166.0,,,,,,111.64477123333334,112.35853835000002,52.0,64.0,328.0,111.20941,114.687666,A:maj,43.0
1085,112.078973524,112.078973524,0.0,0.0,128.0,,,,,,,,,,,111.64477123333334,112.35853835000002,52.0,64.0,328.0,111.20941,114.687666,A:maj,43.0
1086,112.07955323333336,112.078973524,0.0,0.0,128.0,,,,,,,,,,,112.07955323333336,113.47266722500002,57.0,68.0,329.0,111.20941,114.687666,A:maj,43.0
1087,112.07955323333336,112.078973524,0.0,0.0,128.0,,,,,,,,,,,112.07955323333336,113.57773954166667,64.0,77.0,330.0,111.20941,114.687666,A:maj,43.0
1088,112.24984285000002,112.078973524,0.0,0.0,128.0,,,,,,,,,,,112.07955323333336,113.57773954166667,64.0,77.0,330.0,111.20941,114.687666,A:maj,43.0
1089,112.29694423333336,112.078973524,0.0,0.0,128.0,112.29694423333336,112.37121949166668,64.0,89.0,167.0,,,,,,112.07955323333336,113.57773954166667,64.0,77.0,330.0,111.20941,114.687666,A:maj,43.0
1090,112.35853835000002,112.078973524,0.0,0.0,128.0,112.29694423333336,112.37121949166668,64.0,89.0,167.0,,,,,,112.07955323333336,113.57773954166667,64.0,77.0,330.0,111.20941,114.687666,A:maj,43.0
1091,112.37121949166668,112.078973524,0.0,0.0,128.0,112.29694423333336,112.37121949166668,64.0,89.0,167.0,,,,,,112.07955323333336,113.57773954166667,64.0,77.0,330.0,111.20941,114.687666,A:maj,43.0
1092,112.51433523333336,112.078973524,0.0,0.0,128.0,112.51433523333336,113.09223297500002,66.0,117.0,168.0,,,,,,112.51433523333336,112.82774059166668,45.0,88.0,331.0,111.20941,114.687666,A:maj,43.0
1093,112.82774059166668,112.078973524,0.0,0.0,128.0,112.51433523333336,113.09223297500002,66.0,117.0,168.0,,,,,,112.51433523333336,112.82774059166668,45.0,88.0,331.0,111.20941,114.687666,A:maj,43.0
1094,112.948537524,112.948537524,1.0,0.0,129.0,112.51433523333336,113.09223297500002,66.0,117.0,168.0,,,,,,,,,,,111.20941,114.687666,A:maj,43.0
1095,112.94911723333335,112.948537524,1.0,0.0,129.0,112.94911723333335,113.60672500833336,64.0,97.0,169.0,,,,,,112.94911723333335,114.43824558333336,45.0,89.0,332.0,111.20941,114.687666,A:maj,43.0
1096,113.09223297500002,112.948537524,1.0,0.0,129.0,112.94911723333335,113.60672500833336,64.0,97.0,169.0,,,,,,112.94911723333335,114.43824558333336,45.0,89.0,332.0,111.20941,114.687666,A:maj,43.0
1097,113.38389923333337,112.948537524,1.0,0.0,129.0,112.94911723333335,113.60672500833336,64.0,97.0,169.0,,,,,,113.38389923333337,113.88752171666668,52.0,64.0,333.0,111.20941,114.687666,A:maj,43.0
1098,113.47266722500002,112.948537524,1.0,0.0,129.0,112.94911723333335,113.60672500833336,64.0,97.0,169.0,,,,,,113.38389923333337,113.88752171666668,52.0,64.0,333.0,111.20941,114.687666,A:maj,43.0
1099,113.57773954166667,112.948537524,1.0,0.0,129.0,112.94911723333335,113.60672500833336,64.0,97.0,169.0,,,,,,113.38389923333337,113.88752171666668,52.0,64.0,333.0,111.20941,114.687666,A:maj,43.0
1100,113.60129023333334,112.948537524,1.0,0.0,129.0,112.94911723333335,113.60672500833336,64.0,97.0,169.0,,,,,,113.60129023333334,113.93099991666668,57.0,71.0,334.0,111.20941,114.687666,A:maj,43.0
1101,113.60672500833336,112.948537524,1.0,0.0,129.0,112.94911723333335,113.60672500833336,64.0,97.0,169.0,,,,,,113.60129023333334,113.93099991666668,57.0,71.0,334.0,111.20941,114.687666,A:maj,43.0
1102,113.818101524,113.818101524,0.0,0.0,130.0,,,,,,,,,,,113.60129023333334,113.93099991666668,57.0,71.0,334.0,111.20941,114.687666,A:maj,43.0
1103,113.81868123333336,113.818101524,0.0,0.0,130.0,113.81868123333336,114.12121704166668,66.0,102.0,170.0,,,,,,113.81868123333336,114.66831772500002,64.0,97.0,335.0,111.20941,114.687666,A:maj,43.0
1104,113.88752171666668,113.818101524,0.0,0.0,130.0,113.81868123333336,114.12121704166668,66.0,102.0,170.0,,,,,,113.81868123333336,114.66831772500002,64.0,97.0,335.0,111.20941,114.687666,A:maj,43.0
1105,113.93099991666668,113.818101524,0.0,0.0,130.0,113.81868123333336,114.12121704166668,66.0,102.0,170.0,,,,,,113.81868123333336,114.66831772500002,64.0,97.0,335.0,111.20941,114.687666,A:maj,43.0
1106,114.03607223333336,113.818101524,0.0,0.0,130.0,113.81868123333336,114.12121704166668,66.0,102.0,170.0,,,,,,114.03607223333336,114.42194125833336,52.0,82.0,336.0,111.20941,114.687666,A:maj,43.0
1107,114.12121704166668,113.818101524,0.0,0.0,130.0,113.81868123333336,114.12121704166668,66.0,102.0,170.0,,,,,,114.03607223333336,114.42194125833336,52.0,82.0,336.0,111.20941,114.687666,A:maj,43.0
1108,114.25346323333336,113.818101524,0.0,0.0,130.0,114.25346323333336,114.55237585833336,67.0,96.0,171.0,,,,,,114.25346323333336,114.66107135833334,61.0,92.0,337.0,111.20941,114.687666,A:maj,43.0
1109,114.42194125833336,113.818101524,0.0,0.0,130.0,114.25346323333336,114.55237585833336,67.0,96.0,171.0,,,,,,114.25346323333336,114.66107135833334,61.0,92.0,337.0,111.20941,114.687666,A:maj,43.0
1110,114.43824558333336,113.818101524,0.0,0.0,130.0,114.25346323333336,114.55237585833336,67.0,96.0,171.0,,,,,,114.25346323333336,114.66107135833334,61.0,92.0,337.0,111.20941,114.687666,A:maj,43.0
1111,114.47085423333336,113.818101524,0.0,0.0,130.0,114.25346323333336,114.55237585833336,67.0,96.0,171.0,,,,,,114.47085423333336,114.68824523333336,57.0,88.0,338.0,111.20941,114.687666,A:maj,43.0
1112,114.55237585833336,113.818101524,0.0,0.0,130.0,114.25346323333336,114.55237585833336,67.0,96.0,171.0,,,,,,114.47085423333336,114.68824523333336,57.0,88.0,338.0,111.20941,114.687666,A:maj,43.0
1113,114.66107135833334,113.818101524,0.0,0.0,130.0,,,,,,,,,,,114.47085423333336,114.68824523333336,57.0,88.0,338.0,111.20941,114.687666,A:maj,43.0
1114,114.66831772500002,113.818101524,0.0,0.0,130.0,,,,,,,,,,,114.47085423333336,114.68824523333336,57.0,88.0,338.0,111.20941,114.687666,A:maj,43.0
1115,114.687665524,114.687665524,1.0,1.0,131.0,,,,,,,,,,,114.47085423333336,114.68824523333336,57.0,88.0,338.0,111.20941,114.687666,A:maj,43.0
1116,114.687666,114.687665524,1.0,1.0,131.0,,,,,,,,,,,114.47085423333336,114.68824523333336,57.0,88.0,338.0,114.687666,118.165922,F#:min,44.0
1117,114.68824523333336,114.687665524,1.0,1.0,131.0,114.68824523333336,115.32954868333336,69.0,107.0,172.0,,,,,,114.68824523333336,116.113967875,42.0,85.0,339.0,114.687666,118.165922,F#:min,44.0
1118,114.90563623333335,114.687665524,1.0,1.0,131.0,114.68824523333336,115.32954868333336,69.0,107.0,172.0,,,,,,114.90563623333335,116.34947479166668,49.0,54.0,340.0,114.687666,118.165922,F#:min,44.0
1119,115.12302723333336,114.687665524,1.0,1.0,131.0,114.68824523333336,115.32954868333336,69.0,107.0,172.0,,,,,,115.12302723333336,115.60128743333335,54.0,63.0,341.0,114.687666,118.165922,F#:min,44.0
1120,115.32954868333336,114.687665524,1.0,1.0,131.0,114.68824523333336,115.32954868333336,69.0,107.0,172.0,,,,,,115.12302723333336,115.60128743333335,54.0,63.0,341.0,114.687666,118.165922,F#:min,44.0
1121,115.34041823333337,114.687665524,1.0,1.0,131.0,115.34041823333337,115.74802635833336,69.0,102.0,173.0,,,,,,115.34041823333337,115.82773639166668,57.0,73.0,342.0,114.687666,118.165922,F#:min,44.0
1122,115.557229524,115.557229524,0.0,0.0,132.0,115.34041823333337,115.74802635833336,69.0,102.0,173.0,,,,,,115.34041823333337,115.82773639166668,57.0,73.0,342.0,114.687666,118.165922,F#:min,44.0
1123,115.55780923333334,115.557229524,0.0,0.0,132.0,115.34041823333337,115.74802635833336,69.0,102.0,173.0,,,,,,115.55780923333334,116.3476632,66.0,92.0,343.0,114.687666,118.165922,F#:min,44.0
1124,115.60128743333335,115.557229524,0.0,0.0,132.0,115.34041823333337,115.74802635833336,69.0,102.0,173.0,,,,,,115.55780923333334,116.3476632,66.0,92.0,343.0,114.687666,118.165922,F#:min,44.0
1125,115.74802635833336,115.557229524,0.0,0.0,132.0,115.34041823333337,115.74802635833336,69.0,102.0,173.0,,,,,,115.55780923333334,116.3476632,66.0,92.0,343.0,114.687666,118.165922,F#:min,44.0
1126,115.77520023333336,115.557229524,0.0,0.0,132.0,,,,,,,,,,,115.77520023333336,116.08317081666668,61.0,67.0,344.0,114.687666,118.165922,F#:min,44.0
1127,115.82773639166668,115.557229524,0.0,0.0,132.0,,,,,,,,,,,115.77520023333336,116.08317081666668,61.0,67.0,344.0,114.687666,118.165922,F#:min,44.0
1128,115.99259123333336,115.557229524,0.0,0.0,132.0,115.99259123333336,116.07592445000002,69.0,117.0,174.0,,,,,,115.99259123333336,116.59222807500002,57.0,71.0,345.0,114.687666,118.165922,F#:min,44.0
1129,116.07592445000002,115.557229524,0.0,0.0,132.0,115.99259123333336,116.07592445000002,69.0,117.0,174.0,,,,,,115.99259123333336,116.59222807500002,57.0,71.0,345.0,114.687666,118.165922,F#:min,44.0
1130,116.08317081666668,115.557229524,0.0,0.0,132.0,,,,,,,,,,,115.99259123333336,116.59222807500002,57.0,71.0,345.0,114.687666,118.165922,F#:min,44.0
1131,116.113967875,115.557229524,0.0,0.0,132.0,,,,,,,,,,,115.99259123333336,116.59222807500002,57.0,71.0,345.0,114.687666,118.165922,F#:min,44.0
1132,116.20998223333336,115.557229524,0.0,0.0,132.0,116.20998223333336,116.59041648333336,69.0,117.0,175.0,,,,,,116.20998223333336,116.54150350833336,61.0,71.0,346.0,114.687666,118.165922,F#:min,44.0
1133,116.3476632,115.557229524,0.0,0.0,132.0,116.20998223333336,116.59041648333336,69.0,117.0,175.0,,,,,,116.20998223333336,116.54150350833336,61.0,71.0,346.0,114.687666,118.165922,F#:min,44.0
1134,116.34947479166668,115.557229524,0.0,0.0,132.0,116.20998223333336,116.59041648333336,69.0,117.0,175.0,,,,,,116.20998223333336,116.54150350833336,61.0,71.0,346.0,114.687666,118.165922,F#:min,44.0
1135,116.426793524,116.426793524,1.0,0.0,133.0,116.20998223333336,116.59041648333336,69.0,117.0,175.0,,,,,,116.20998223333336,116.54150350833336,61.0,71.0,346.0,114.687666,118.165922,F#:min,44.0
1136,116.42737323333336,116.426793524,1.0,0.0,133.0,116.20998223333336,116.59041648333336,69.0,117.0,175.0,,,,,,116.42737323333336,117.67555989166668,42.0,74.0,347.0,114.687666,118.165922,F#:min,44.0
1137,116.54150350833336,116.426793524,1.0,0.0,133.0,116.20998223333336,116.59041648333336,69.0,117.0,175.0,,,,,,116.42737323333336,117.67555989166668,42.0,74.0,347.0,114.687666,118.165922,F#:min,44.0
1138,116.59041648333336,116.426793524,1.0,0.0,133.0,116.20998223333336,116.59041648333336,69.0,117.0,175.0,,,,,,116.42737323333336,117.67555989166668,42.0,74.0,347.0,114.687666,118.165922,F#:min,44.0
1139,116.59222807500002,116.426793524,1.0,0.0,133.0,,,,,,,,,,,116.42737323333336,117.67555989166668,42.0,74.0,347.0,114.687666,118.165922,F#:min,44.0
1140,116.64476423333336,116.426793524,1.0,0.0,133.0,,,,,,,,,,,116.64476423333336,117.63932805833336,49.0,35.0,348.0,114.687666,118.165922,F#:min,44.0
1141,116.86215523333335,116.426793524,1.0,0.0,133.0,116.86215523333335,116.94186526666668,67.0,95.0,176.0,,,,,,116.86215523333335,117.31505315,54.0,81.0,349.0,114.687666,118.165922,F#:min,44.0
1142,116.94186526666668,116.426793524,1.0,0.0,133.0,116.86215523333335,116.94186526666668,67.0,95.0,176.0,,,,,,116.86215523333335,117.31505315,54.0,81.0,349.0,114.687666,118.165922,F#:min,44.0
1143,117.07954623333336,116.426793524,1.0,0.0,133.0,117.07954623333336,117.47628480833336,67.0,100.0,177.0,,,,,,117.07954623333336,117.53244415000002,57.0,83.0,350.0,114.687666,118.165922,F#:min,44.0
1144,117.296357524,117.296357524,0.0,0.0,134.0,117.07954623333336,117.47628480833336,67.0,100.0,177.0,,,,,,117.07954623333336,117.53244415000002,57.0,83.0,350.0,114.687666,118.165922,F#:min,44.0
1145,117.29693723333337,117.296357524,0.0,0.0,134.0,117.07954623333336,117.47628480833336,67.0,100.0,177.0,,,,,,117.29693723333337,118.18642874166667,66.0,95.0,351.0,114.687666,118.165922,F#:min,44.0
1146,117.31505315,117.296357524,0.0,0.0,134.0,117.07954623333336,117.47628480833336,67.0,100.0,177.0,,,,,,117.29693723333337,118.18642874166667,66.0,95.0,351.0,114.687666,118.165922,F#:min,44.0
1147,117.47628480833336,117.296357524,0.0,0.0,134.0,117.07954623333336,117.47628480833336,67.0,100.0,177.0,,,,,,117.29693723333337,118.18642874166667,66.0,95.0,351.0,114.687666,118.165922,F#:min,44.0
1148,117.51432823333334,117.296357524,0.0,0.0,134.0,117.51432823333334,117.99621161666668,66.0,97.0,178.0,,,,,,117.51432823333334,117.83497995833336,54.0,83.0,352.0,114.687666,118.165922,F#:min,44.0
1149,117.53244415000002,117.296357524,0.0,0.0,134.0,117.51432823333334,117.99621161666668,66.0,97.0,178.0,,,,,,117.51432823333334,117.83497995833336,54.0,83.0,352.0,114.687666,118.165922,F#:min,44.0
1150,117.63932805833336,117.296357524,0.0,0.0,134.0,117.51432823333334,117.99621161666668,66.0,97.0,178.0,,,,,,117.51432823333334,117.83497995833336,54.0,83.0,352.0,114.687666,118.165922,F#:min,44.0
1151,117.67555989166668,117.296357524,0.0,0.0,134.0,117.51432823333334,117.99621161666668,66.0,97.0,178.0,,,,,,117.51432823333334,117.83497995833336,54.0,83.0,352.0,114.687666,118.165922,F#:min,44.0
1152,117.73171923333337,117.296357524,0.0,0.0,134.0,117.51432823333334,117.99621161666668,66.0,97.0,178.0,,,,,,117.73171923333337,118.11577666666668,61.0,88.0,353.0,114.687666,118.165922,F#:min,44.0
1153,117.83497995833336,117.296357524,0.0,0.0,134.0,117.51432823333334,117.99621161666668,66.0,97.0,178.0,,,,,,117.73171923333337,118.11577666666668,61.0,88.0,353.0,114.687666,118.165922,F#:min,44.0
1154,117.94911023333336,117.296357524,0.0,0.0,134.0,117.51432823333334,117.99621161666668,66.0,97.0,178.0,,,,,,117.94911023333336,118.16468964166668,57.0,82.0,354.0,114.687666,118.165922,F#:min,44.0
1155,117.99621161666668,117.296357524,0.0,0.0,134.0,117.51432823333334,117.99621161666668,66.0,97.0,178.0,,,,,,117.94911023333336,118.16468964166668,57.0,82.0,354.0,114.687666,118.165922,F#:min,44.0
1156,118.11577666666668,117.296357524,0.0,0.0,134.0,,,,,,,,,,,117.94911023333336,118.16468964166668,57.0,82.0,354.0,114.687666,118.165922,F#:min,44.0
1157,118.16468964166668,117.296357524,0.0,0.0,134.0,,,,,,,,,,,117.94911023333336,118.16468964166668,57.0,82.0,354.0,114.687666,118.165922,F#:min,44.0
1158,118.165921524,118.165921524,1.0,1.0,135.0,,,,,,,,,,,,,,,,114.687666,118.165922,F#:min,44.0
1159,118.165922,118.165921524,1.0,1.0,135.0,,,,,,,,,,,,,,,,118.165922,121.644178,B:maj,45.0
1160,118.16650123333336,118.165921524,1.0,1.0,135.0,118.16650123333336,119.35490536666669,66.0,107.0,179.0,,,,,,118.16650123333336,119.38026765000002,47.0,69.0,355.0,118.165922,121.644178,B:maj,45.0
1161,118.18642874166667,118.165921524,1.0,1.0,135.0,118.16650123333336,119.35490536666669,66.0,107.0,179.0,,,,,,118.16650123333336,119.38026765000002,47.0,69.0,355.0,118.165922,121.644178,B:maj,45.0
1162,118.38389223333336,118.165921524,1.0,1.0,135.0,118.16650123333336,119.35490536666669,66.0,107.0,179.0,,,,,,118.38389223333336,119.34222422500002,54.0,83.0,356.0,118.165922,121.644178,B:maj,45.0
1163,118.60128323333336,118.165921524,1.0,1.0,135.0,118.16650123333336,119.35490536666669,66.0,107.0,179.0,,,,,,118.60128323333336,119.14838391666667,59.0,78.0,357.0,118.165922,121.644178,B:maj,45.0
1164,118.81867423333335,118.165921524,1.0,1.0,135.0,118.16650123333336,119.35490536666669,66.0,107.0,179.0,,,,,,118.81867423333335,119.05599274166669,63.0,86.0,358.0,118.165922,121.644178,B:maj,45.0
1165,119.035485524,119.035485524,0.0,0.0,136.0,118.16650123333336,119.35490536666669,66.0,107.0,179.0,,,,,,118.81867423333335,119.05599274166669,63.0,86.0,358.0,118.165922,121.644178,B:maj,45.0
1166,119.03606523333336,119.035485524,0.0,0.0,136.0,118.16650123333336,119.35490536666669,66.0,107.0,179.0,,,,,,119.03606523333336,120.16468684166668,66.0,102.0,359.0,118.165922,121.644178,B:maj,45.0
1167,119.05599274166669,119.035485524,0.0,0.0,136.0,118.16650123333336,119.35490536666669,66.0,107.0,179.0,,,,,,119.03606523333336,120.16468684166668,66.0,102.0,359.0,118.165922,121.644178,B:maj,45.0
1168,119.14838391666667,119.035485524,0.0,0.0,136.0,118.16650123333336,119.35490536666669,66.0,107.0,179.0,,,,,,119.03606523333336,120.16468684166668,66.0,102.0,359.0,118.165922,121.644178,B:maj,45.0
1169,119.25345623333337,119.035485524,0.0,0.0,136.0,118.16650123333336,119.35490536666669,66.0,107.0,179.0,,,,,,119.25345623333337,120.18280275833337,63.0,95.0,360.0,118.165922,121.644178,B:maj,45.0
1170,119.34222422500002,119.035485524,0.0,0.0,136.0,118.16650123333336,119.35490536666669,66.0,107.0,179.0,,,,,,119.25345623333337,120.18280275833337,63.0,95.0,360.0,118.165922,121.644178,B:maj,45.0
1171,119.35490536666669,119.035485524,0.0,0.0,136.0,118.16650123333336,119.35490536666669,66.0,107.0,179.0,,,,,,119.25345623333337,120.18280275833337,63.0,95.0,360.0,118.165922,121.644178,B:maj,45.0
1172,119.38026765000002,119.035485524,0.0,0.0,136.0,,,,,,,,,,,119.25345623333337,120.18280275833337,63.0,95.0,360.0,118.165922,121.644178,B:maj,45.0
1173,119.47084723333336,119.035485524,0.0,0.0,136.0,,,,,,,,,,,119.47084723333336,119.80418010000002,47.0,69.0,361.0,118.165922,121.644178,B:maj,45.0
1174,119.80418010000002,119.035485524,0.0,0.0,136.0,,,,,,,,,,,119.47084723333336,119.80418010000002,47.0,69.0,361.0,118.165922,121.644178,B:maj,45.0
1175,119.905049524,119.905049524,1.0,0.0,137.0,,,,,,,,,,,,,,,,118.165922,121.644178,B:maj,45.0
1176,119.90562923333336,119.905049524,1.0,0.0,137.0,,,,,,,,,,,119.90562923333336,121.16468544166668,47.0,75.0,362.0,118.165922,121.644178,B:maj,45.0
1177,120.12302023333336,119.905049524,1.0,0.0,137.0,,,,,,,,,,,120.12302023333336,120.92012056666668,54.0,77.0,363.0,118.165922,121.644178,B:maj,45.0
1178,120.16468684166668,119.905049524,1.0,0.0,137.0,,,,,,,,,,,120.12302023333336,120.92012056666668,54.0,77.0,363.0,118.165922,121.644178,B:maj,45.0
1179,120.18280275833337,119.905049524,1.0,0.0,137.0,,,,,,,,,,,120.12302023333336,120.92012056666668,54.0,77.0,363.0,118.165922,121.644178,B:maj,45.0
1180,120.34041123333336,119.905049524,1.0,0.0,137.0,,,,,,,,,,,120.34041123333336,120.90381624166668,59.0,72.0,364.0,118.165922,121.644178,B:maj,45.0
1181,120.55780223333336,119.905049524,1.0,0.0,137.0,,,,,,,,,,,120.55780223333336,120.95091762500002,63.0,68.0,365.0,118.165922,121.644178,B:maj,45.0
1182,120.774613524,120.774613524,0.0,0.0,138.0,,,,,,,,,,,120.55780223333336,120.95091762500002,63.0,68.0,365.0,118.165922,121.644178,B:maj,45.0
1183,120.77519323333335,120.774613524,0.0,0.0,138.0,120.77519323333335,121.06685949166668,64.0,93.0,180.0,,,,,,120.77519323333335,121.53243855000002,66.0,93.0,366.0,118.165922,121.644178,B:maj,45.0
1184,120.90381624166668,120.774613524,0.0,0.0,138.0,120.77519323333335,121.06685949166668,64.0,93.0,180.0,,,,,,120.77519323333335,121.53243855000002,66.0,93.0,366.0,118.165922,121.644178,B:maj,45.0
1185,120.92012056666668,120.774613524,0.0,0.0,138.0,120.77519323333335,121.06685949166668,64.0,93.0,180.0,,,,,,120.77519323333335,121.53243855000002,66.0,93.0,366.0,118.165922,121.644178,B:maj,45.0
1186,120.95091762500002,120.774613524,0.0,0.0,138.0,120.77519323333335,121.06685949166668,64.0,93.0,180.0,,,,,,120.77519323333335,121.53243855000002,66.0,93.0,366.0,118.165922,121.644178,B:maj,45.0
1187,120.99258423333336,120.774613524,0.0,0.0,138.0,120.77519323333335,121.06685949166668,64.0,93.0,180.0,,,,,,120.99258423333336,121.11758405833336,54.0,74.0,367.0,118.165922,121.644178,B:maj,45.0
1188,121.06685949166668,120.774613524,0.0,0.0,138.0,120.77519323333335,121.06685949166668,64.0,93.0,180.0,,,,,,120.99258423333336,121.11758405833336,54.0,74.0,367.0,118.165922,121.644178,B:maj,45.0
1189,121.11758405833336,120.774613524,0.0,0.0,138.0,,,,,,,,,,,120.99258423333336,121.11758405833336,54.0,74.0,367.0,118.165922,121.644178,B:maj,45.0
1190,121.16468544166668,120.774613524,0.0,0.0,138.0,,,,,,,,,,,,,,,,118.165922,121.644178,B:maj,45.0
1191,121.20997523333337,120.774613524,0.0,0.0,138.0,121.20997523333337,121.48896035,66.0,100.0,181.0,,,,,,121.20997523333337,121.57772834166668,63.0,93.0,368.0,118.165922,121.644178,B:maj,45.0
1192,121.42736623333336,120.774613524,0.0,0.0,138.0,121.20997523333337,121.48896035,66.0,100.0,181.0,,,,,,121.42736623333336,121.64475723333337,59.0,76.0,369.0,118.165922,121.644178,B:maj,45.0
1193,121.48896035,120.774613524,0.0,0.0,138.0,121.20997523333337,121.48896035,66.0,100.0,181.0,,,,,,121.42736623333336,121.64475723333337,59.0,76.0,369.0,118.165922,121.644178,B:maj,45.0
1194,121.53243855000002,120.774613524,0.0,0.0,138.0,,,,,,,,,,,121.42736623333336,121.64475723333337,59.0,76.0,369.0,118.165922,121.644178,B:maj,45.0
1195,121.57772834166668,120.774613524,0.0,0.0,138.0,,,,,,,,,,,121.42736623333336,121.64475723333337,59.0,76.0,369.0,118.165922,121.644178,B:maj,45.0
1196,121.644177524,121.644177524,1.0,1.0,139.0,,,,,,,,,,,121.42736623333336,121.64475723333337,59.0,76.0,369.0,118.165922,121.644178,B:maj,45.0
1197,121.644178,121.644177524,1.0,1.0,139.0,,,,,,,,,,,121.42736623333336,121.64475723333337,59.0,76.0,369.0,121.644178,123.383306,E:min,46.0
1198,121.64475723333337,121.644177524,1.0,1.0,139.0,121.64475723333337,121.983524875,67.0,112.0,182.0,,,,,,121.64475723333337,122.94004527500002,40.0,85.0,370.0,121.644178,123.383306,E:min,46.0
1199,121.86214823333336,121.644177524,1.0,1.0,139.0,121.64475723333337,121.983524875,67.0,112.0,182.0,,,,,,121.86214823333336,123.03605963333337,47.0,68.0,371.0,121.644178,123.383306,E:min,46.0
1200,121.983524875,121.644177524,1.0,1.0,139.0,121.64475723333337,121.983524875,67.0,112.0,182.0,,,,,,121.86214823333336,123.03605963333337,47.0,68.0,371.0,121.644178,123.383306,E:min,46.0
1201,122.07953923333336,121.644177524,1.0,1.0,139.0,,,,,,,,,,,122.07953923333336,122.50345168333337,52.0,85.0,372.0,121.644178,123.383306,E:min,46.0
1202,122.29693023333336,121.644177524,1.0,1.0,139.0,122.29693023333336,122.71359631666668,67.0,112.0,183.0,,,,,,122.29693023333336,122.69004562500002,59.0,83.0,373.0,121.644178,123.383306,E:min,46.0
1203,122.50345168333337,121.644177524,1.0,1.0,139.0,122.29693023333336,122.71359631666668,67.0,112.0,183.0,,,,,,122.29693023333336,122.69004562500002,59.0,83.0,373.0,121.644178,123.383306,E:min,46.0
1204,122.513741524,122.513741524,0.0,0.0,140.0,122.29693023333336,122.71359631666668,67.0,112.0,183.0,,,,,,122.29693023333336,122.69004562500002,59.0,83.0,373.0,121.644178,123.383306,E:min,46.0
1205,122.51432123333336,122.513741524,0.0,0.0,140.0,122.29693023333336,122.71359631666668,67.0,112.0,183.0,,,,,,122.51432123333336,123.62120374166668,67.0,86.0,374.0,121.644178,123.383306,E:min,46.0
1206,122.69004562500002,122.513741524,0.0,0.0,140.0,122.29693023333336,122.71359631666668,67.0,112.0,183.0,,,,,,122.51432123333336,123.62120374166668,67.0,86.0,374.0,121.644178,123.383306,E:min,46.0
1207,122.71359631666668,122.513741524,0.0,0.0,140.0,122.29693023333336,122.71359631666668,67.0,112.0,183.0,,,,,,122.51432123333336,123.62120374166668,67.0,86.0,374.0,121.644178,123.383306,E:min,46.0
1208,122.73171223333335,122.513741524,0.0,0.0,140.0,,,,,,,,,,,122.73171223333335,122.98171188333336,52.0,72.0,375.0,121.644178,123.383306,E:min,46.0
1209,122.94004527500002,122.513741524,0.0,0.0,140.0,,,,,,,,,,,122.73171223333335,122.98171188333336,52.0,72.0,375.0,121.644178,123.383306,E:min,46.0
1210,122.94910323333336,122.513741524,0.0,0.0,140.0,122.94910323333336,123.016132125,67.0,100.0,184.0,,,,,,122.94910323333336,123.58316031666668,64.0,86.0,376.0,121.644178,123.383306,E:min,46.0
1211,122.98171188333336,122.513741524,0.0,0.0,140.0,122.94910323333336,123.016132125,67.0,100.0,184.0,,,,,,122.94910323333336,123.58316031666668,64.0,86.0,376.0,121.644178,123.383306,E:min,46.0
1212,123.016132125,122.513741524,0.0,0.0,140.0,122.94910323333336,123.016132125,67.0,100.0,184.0,,,,,,122.94910323333336,123.58316031666668,64.0,86.0,376.0,121.644178,123.383306,E:min,46.0
1213,123.03605963333337,122.513741524,0.0,0.0,140.0,,,,,,,,,,,122.94910323333336,123.58316031666668,64.0,86.0,376.0,121.644178,123.383306,E:min,46.0
1214,123.16649423333337,122.513741524,0.0,0.0,140.0,123.16649423333337,123.60489941666668,67.0,107.0,185.0,,,,,,123.16649423333337,123.54511689166668,59.0,78.0,377.0,121.644178,123.383306,E:min,46.0
1215,123.383305524,123.383305524,1.0,0.0,141.0,123.16649423333337,123.60489941666668,67.0,107.0,185.0,,,,,,123.16649423333337,123.54511689166668,59.0,78.0,377.0,121.644178,123.383306,E:min,46.0
1216,123.383306,123.383305524,1.0,0.0,141.0,123.16649423333337,123.60489941666668,67.0,107.0,185.0,,,,,,123.16649423333337,123.54511689166668,59.0,78.0,377.0,123.383306,125.122434,E:maj7/7,47.0
1217,123.38388523333336,123.383305524,1.0,0.0,141.0,123.16649423333337,123.60489941666668,67.0,107.0,185.0,,,,,,123.38388523333336,124.82953538333336,39.0,66.0,378.0,123.383306,125.122434,E:maj7/7,47.0
1218,123.54511689166668,123.383305524,1.0,0.0,141.0,123.16649423333337,123.60489941666668,67.0,107.0,185.0,,,,,,123.38388523333336,124.82953538333336,39.0,66.0,378.0,123.383306,125.122434,E:maj7/7,47.0
1219,123.58316031666668,123.383305524,1.0,0.0,141.0,123.16649423333337,123.60489941666668,67.0,107.0,185.0,,,,,,123.38388523333336,124.82953538333336,39.0,66.0,378.0,123.383306,125.122434,E:maj7/7,47.0
1220,123.60489941666668,123.383305524,1.0,0.0,141.0,123.16649423333337,123.60489941666668,67.0,107.0,185.0,,,,,,123.38388523333336,124.82953538333336,39.0,66.0,378.0,123.383306,125.122434,E:maj7/7,47.0
1221,123.62120374166668,123.383305524,1.0,0.0,141.0,,,,,,,,,,,123.38388523333336,124.82953538333336,39.0,66.0,378.0,123.383306,125.122434,E:maj7/7,47.0
1222,123.81866723333336,123.383305524,1.0,0.0,141.0,123.81866723333336,124.19910148333337,66.0,99.0,186.0,,,,,,123.81866723333336,124.309608575,52.0,72.0,379.0,123.383306,125.122434,E:maj7/7,47.0
1223,124.03605823333336,123.383305524,1.0,0.0,141.0,123.81866723333336,124.19910148333337,66.0,99.0,186.0,,,,,,124.03605823333336,124.37663746666668,59.0,66.0,380.0,123.383306,125.122434,E:maj7/7,47.0
1224,124.19910148333337,123.383305524,1.0,0.0,141.0,123.81866723333336,124.19910148333337,66.0,99.0,186.0,,,,,,124.03605823333336,124.37663746666668,59.0,66.0,380.0,123.383306,125.122434,E:maj7/7,47.0
1225,124.252869524,124.252869524,0.0,0.0,142.0,,,,,,,,,,,124.03605823333336,124.37663746666668,59.0,66.0,380.0,123.383306,125.122434,E:maj7/7,47.0
1226,124.25344923333336,124.252869524,0.0,0.0,142.0,124.25344923333336,124.68641964166667,59.0,96.0,187.0,,,,,,124.25344923333336,125.01069455000004,67.0,89.0,381.0,123.383306,125.122434,E:maj7/7,47.0
1227,124.309608575,124.252869524,0.0,0.0,142.0,124.25344923333336,124.68641964166667,59.0,96.0,187.0,,,,,,124.25344923333336,125.01069455000004,67.0,89.0,381.0,123.383306,125.122434,E:maj7/7,47.0
1228,124.37663746666668,124.252869524,0.0,0.0,142.0,124.25344923333336,124.68641964166667,59.0,96.0,187.0,,,,,,124.25344923333336,125.01069455000004,67.0,89.0,381.0,123.383306,125.122434,E:maj7/7,47.0
1229,124.47084023333336,124.252869524,0.0,0.0,142.0,124.25344923333336,124.68641964166667,59.0,96.0,187.0,,,,,,124.47084023333336,124.78424559166668,52.0,59.0,382.0,123.383306,125.122434,E:maj7/7,47.0
1230,124.68641964166667,124.252869524,0.0,0.0,142.0,124.25344923333336,124.68641964166667,59.0,96.0,187.0,,,,,,124.47084023333336,124.78424559166668,52.0,59.0,382.0,123.383306,125.122434,E:maj7/7,47.0
1231,124.68823123333335,124.252869524,0.0,0.0,142.0,124.68823123333335,125.03062205833336,62.0,99.0,188.0,,,,,,124.68823123333335,125.02518728333337,64.0,71.0,383.0,123.383306,125.122434,E:maj7/7,47.0
1232,124.78424559166668,124.252869524,0.0,0.0,142.0,124.68823123333335,125.03062205833336,62.0,99.0,188.0,,,,,,124.68823123333335,125.02518728333337,64.0,71.0,383.0,123.383306,125.122434,E:maj7/7,47.0
1233,124.82953538333336,124.252869524,0.0,0.0,142.0,124.68823123333335,125.03062205833336,62.0,99.0,188.0,,,,,,124.68823123333335,125.02518728333337,64.0,71.0,383.0,123.383306,125.122434,E:maj7/7,47.0
1234,124.90562223333336,124.252869524,0.0,0.0,142.0,124.68823123333335,125.03062205833336,62.0,99.0,188.0,,,,,,124.90562223333336,125.08496980833335,59.0,71.0,384.0,123.383306,125.122434,E:maj7/7,47.0
1235,125.01069455000004,124.252869524,0.0,0.0,142.0,124.68823123333335,125.03062205833336,62.0,99.0,188.0,,,,,,124.90562223333336,125.08496980833335,59.0,71.0,384.0,123.383306,125.122434,E:maj7/7,47.0
1236,125.02518728333337,124.252869524,0.0,0.0,142.0,124.68823123333335,125.03062205833336,62.0,99.0,188.0,,,,,,124.90562223333336,125.08496980833335,59.0,71.0,384.0,123.383306,125.122434,E:maj7/7,47.0
1237,125.03062205833336,124.252869524,0.0,0.0,142.0,124.68823123333335,125.03062205833336,62.0,99.0,188.0,,,,,,124.90562223333336,125.08496980833335,59.0,71.0,384.0,123.383306,125.122434,E:maj7/7,47.0
1238,125.08496980833335,124.252869524,0.0,0.0,142.0,,,,,,,,,,,124.90562223333336,125.08496980833335,59.0,71.0,384.0,123.383306,125.122434,E:maj7/7,47.0
1239,125.122433524,125.122433524,1.0,1.0,143.0,,,,,,,,,,,,,,,,123.383306,125.122434,E:maj7/7,47.0
1240,125.122434,125.122433524,1.0,1.0,143.0,,,,,,,,,,,,,,,,125.122434,126.861562,D:maj,48.0
1241,125.12301323333335,125.122433524,1.0,1.0,143.0,125.12301323333335,125.68279505833335,62.0,95.0,189.0,,,,,,125.12301323333335,126.23895370000002,38.0,75.0,385.0,125.122434,126.861562,D:maj,48.0
1242,125.34040423333336,125.122433524,1.0,1.0,143.0,125.12301323333335,125.68279505833335,62.0,95.0,189.0,,,,,,125.34040423333336,126.27880871666667,45.0,86.0,386.0,125.122434,126.861562,D:maj,48.0
1243,125.55779523333337,125.122433524,1.0,1.0,143.0,125.12301323333335,125.68279505833335,62.0,95.0,189.0,,,,,,125.55779523333337,125.99620041666668,50.0,79.0,387.0,125.122434,126.861562,D:maj,48.0
1244,125.68279505833335,125.122433524,1.0,1.0,143.0,125.12301323333335,125.68279505833335,62.0,95.0,189.0,,,,,,125.55779523333337,125.99620041666668,50.0,79.0,387.0,125.122434,126.861562,D:maj,48.0
1245,125.77518623333336,125.122433524,1.0,1.0,143.0,125.77518623333336,126.28967826666668,64.0,102.0,190.0,,,,,,125.77518623333336,126.20453345833336,57.0,78.0,388.0,125.122434,126.861562,D:maj,48.0
1246,125.991997524,125.991997524,0.0,0.0,144.0,125.77518623333336,126.28967826666668,64.0,102.0,190.0,,,,,,125.77518623333336,126.20453345833336,57.0,78.0,388.0,125.122434,126.861562,D:maj,48.0
1247,125.99257723333336,125.991997524,0.0,0.0,144.0,125.77518623333336,126.28967826666668,64.0,102.0,190.0,,,,,,125.99257723333336,126.72264867500002,66.0,107.0,389.0,125.122434,126.861562,D:maj,48.0
1248,125.99620041666668,125.991997524,0.0,0.0,144.0,125.77518623333336,126.28967826666668,64.0,102.0,190.0,,,,,,125.99257723333336,126.72264867500002,66.0,107.0,389.0,125.122434,126.861562,D:maj,48.0
1249,126.20453345833336,125.991997524,0.0,0.0,144.0,125.77518623333336,126.28967826666668,64.0,102.0,190.0,,,,,,125.99257723333336,126.72264867500002,66.0,107.0,389.0,125.122434,126.861562,D:maj,48.0
1250,126.20996823333336,125.991997524,0.0,0.0,144.0,125.77518623333336,126.28967826666668,64.0,102.0,190.0,,,,,,126.20996823333336,126.47083743333336,50.0,61.0,390.0,125.122434,126.861562,D:maj,48.0
1251,126.23895370000002,125.991997524,0.0,0.0,144.0,125.77518623333336,126.28967826666668,64.0,102.0,190.0,,,,,,126.20996823333336,126.47083743333336,50.0,61.0,390.0,125.122434,126.861562,D:maj,48.0
1252,126.27880871666667,125.991997524,0.0,0.0,144.0,125.77518623333336,126.28967826666668,64.0,102.0,190.0,,,,,,126.20996823333336,126.47083743333336,50.0,61.0,390.0,125.122434,126.861562,D:maj,48.0
1253,126.28967826666668,125.991997524,0.0,0.0,144.0,125.77518623333336,126.28967826666668,64.0,102.0,190.0,,,,,,126.20996823333336,126.47083743333336,50.0,61.0,390.0,125.122434,126.861562,D:maj,48.0
1254,126.42735923333336,125.991997524,0.0,0.0,144.0,126.42735923333336,126.90018465833336,66.0,96.0,191.0,,,,,,126.42735923333336,126.86032964166668,62.0,64.0,391.0,125.122434,126.861562,D:maj,48.0
1255,126.47083743333336,125.991997524,0.0,0.0,144.0,126.42735923333336,126.90018465833336,66.0,96.0,191.0,,,,,,126.42735923333336,126.86032964166668,62.0,64.0,391.0,125.122434,126.861562,D:maj,48.0
1256,126.64475023333335,125.991997524,0.0,0.0,144.0,126.42735923333336,126.90018465833336,66.0,96.0,191.0,,,,,,126.64475023333335,126.86214123333336,57.0,78.0,392.0,125.122434,126.861562,D:maj,48.0
1257,126.72264867500002,125.991997524,0.0,0.0,144.0,126.42735923333336,126.90018465833336,66.0,96.0,191.0,,,,,,126.64475023333335,126.86214123333336,57.0,78.0,392.0,125.122434,126.861562,D:maj,48.0
1258,126.86032964166668,125.991997524,0.0,0.0,144.0,126.42735923333336,126.90018465833336,66.0,96.0,191.0,,,,,,126.64475023333335,126.86214123333336,57.0,78.0,392.0,125.122434,126.861562,D:maj,48.0
1259,126.861561524,126.861561524,1.0,0.0,145.0,126.42735923333336,126.90018465833336,66.0,96.0,191.0,,,,,,126.64475023333335,126.86214123333336,57.0,78.0,392.0,125.122434,126.861562,D:maj,48.0
1260,126.861562,126.861561524,1.0,0.0,145.0,126.42735923333336,126.90018465833336,66.0,96.0,191.0,,,,,,126.64475023333335,126.86214123333336,57.0,78.0,392.0,126.861562,128.60069,A:maj,49.0
1261,126.86214123333336,126.861561524,1.0,0.0,145.0,126.86214123333336,127.36395212500004,64.0,92.0,192.0,,,,,,126.86214123333336,128.2244581666667,45.0,77.0,393.0,126.861562,128.60069,A:maj,49.0
1262,126.90018465833336,126.861561524,1.0,0.0,145.0,126.86214123333336,127.36395212500004,64.0,92.0,192.0,,,,,,126.86214123333336,128.2244581666667,45.0,77.0,393.0,126.861562,128.60069,A:maj,49.0
1263,127.07953223333335,126.861561524,1.0,0.0,145.0,126.86214123333336,127.36395212500004,64.0,92.0,192.0,,,,,,127.07953223333335,127.83496595833336,52.0,72.0,394.0,126.861562,128.60069,A:maj,49.0
1264,127.29692323333336,126.861561524,1.0,0.0,145.0,126.86214123333336,127.36395212500004,64.0,92.0,192.0,,,,,,127.29692323333336,127.58496630833336,57.0,79.0,395.0,126.861562,128.60069,A:maj,49.0
1265,127.36395212500004,126.861561524,1.0,0.0,145.0,126.86214123333336,127.36395212500004,64.0,92.0,192.0,,,,,,127.29692323333336,127.58496630833336,57.0,79.0,395.0,126.861562,128.60069,A:maj,49.0
1266,127.51431423333337,126.861561524,1.0,0.0,145.0,,,,,,,,,,,127.51431423333337,128.51612442500002,64.0,102.0,396.0,126.861562,128.60069,A:maj,49.0
1267,127.58496630833336,126.861561524,1.0,0.0,145.0,,,,,,,,,,,127.51431423333337,128.51612442500002,64.0,102.0,396.0,126.861562,128.60069,A:maj,49.0
1268,127.731125524,127.731125524,0.0,0.0,146.0,,,,,,,,,,,127.51431423333337,128.51612442500002,64.0,102.0,396.0,126.861562,128.60069,A:maj,49.0
1269,127.73170523333336,127.731125524,0.0,0.0,146.0,127.73170523333336,128.02155990000003,66.0,127.0,193.0,,,,,,127.73170523333336,128.22083498333336,61.0,95.0,397.0,126.861562,128.60069,A:maj,49.0
1270,127.83496595833336,127.731125524,0.0,0.0,146.0,127.73170523333336,128.02155990000003,66.0,127.0,193.0,,,,,,127.73170523333336,128.22083498333336,61.0,95.0,397.0,126.861562,128.60069,A:maj,49.0
1271,127.94909623333336,127.731125524,0.0,0.0,146.0,127.73170523333336,128.02155990000003,66.0,127.0,193.0,,,,,,127.94909623333336,128.18279155833335,52.0,73.0,398.0,126.861562,128.60069,A:maj,49.0
1272,128.02155990000003,127.731125524,0.0,0.0,146.0,127.73170523333336,128.02155990000003,66.0,127.0,193.0,,,,,,127.94909623333336,128.18279155833335,52.0,73.0,398.0,126.861562,128.60069,A:maj,49.0
1273,128.16648723333336,127.731125524,0.0,0.0,146.0,128.16648723333336,128.41648688333336,67.0,93.0,194.0,,,,,,128.16648723333336,128.5559794416667,57.0,92.0,399.0,126.861562,128.60069,A:maj,49.0
1274,128.18279155833335,127.731125524,0.0,0.0,146.0,128.16648723333336,128.41648688333336,67.0,93.0,194.0,,,,,,128.16648723333336,128.5559794416667,57.0,92.0,399.0,126.861562,128.60069,A:maj,49.0
1275,128.22083498333336,127.731125524,0.0,0.0,146.0,128.16648723333336,128.41648688333336,67.0,93.0,194.0,,,,,,128.16648723333336,128.5559794416667,57.0,92.0,399.0,126.861562,128.60069,A:maj,49.0
1276,128.2244581666667,127.731125524,0.0,0.0,146.0,128.16648723333336,128.41648688333336,67.0,93.0,194.0,,,,,,128.16648723333336,128.5559794416667,57.0,92.0,399.0,126.861562,128.60069,A:maj,49.0
1277,128.38387823333335,127.731125524,0.0,0.0,146.0,128.16648723333336,128.41648688333336,67.0,93.0,194.0,,,,,,128.38387823333335,128.59402286666668,61.0,78.0,400.0,126.861562,128.60069,A:maj,49.0
1278,128.41648688333336,127.731125524,0.0,0.0,146.0,128.16648723333336,128.41648688333336,67.0,93.0,194.0,,,,,,128.38387823333335,128.59402286666668,61.0,78.0,400.0,126.861562,128.60069,A:maj,49.0
1279,128.51612442500002,127.731125524,0.0,0.0,146.0,,,,,,,,,,,128.38387823333335,128.59402286666668,61.0,78.0,400.0,126.861562,128.60069,A:maj,49.0
1280,128.5559794416667,127.731125524,0.0,0.0,146.0,,,,,,,,,,,128.38387823333335,128.59402286666668,61.0,78.0,400.0,126.861562,128.60069,A:maj,49.0
1281,128.59402286666668,127.731125524,0.0,0.0,146.0,,,,,,,,,,,128.38387823333335,128.59402286666668,61.0,78.0,400.0,126.861562,128.60069,A:maj,49.0
1282,128.600689524,128.600689524,1.0,1.0,147.0,,,,,,,,,,,,,,,,126.861562,128.60069,A:maj,49.0
1283,128.60069,128.600689524,1.0,1.0,147.0,,,,,,,,,,,,,,,,128.60069,132.078946,F#:min,50.0
1284,128.60126923333334,128.600689524,1.0,1.0,147.0,128.60126923333334,128.95996438333336,69.0,117.0,195.0,,,,,,128.60126923333334,130.22264377500002,42.0,89.0,401.0,128.60069,132.078946,F#:min,50.0
1285,128.81866023333336,128.600689524,1.0,1.0,147.0,128.60126923333334,128.95996438333336,69.0,117.0,195.0,,,,,,128.81866023333336,130.32409290833334,49.0,34.0,402.0,128.60069,132.078946,F#:min,50.0
1286,128.95996438333336,128.600689524,1.0,1.0,147.0,128.60126923333334,128.95996438333336,69.0,117.0,195.0,,,,,,128.81866023333336,130.32409290833334,49.0,34.0,402.0,128.60069,132.078946,F#:min,50.0
1287,129.03605123333335,128.600689524,1.0,1.0,147.0,,,,,,,,,,,129.03605123333335,129.45996368333334,54.0,83.0,403.0,128.60069,132.078946,F#:min,50.0
1288,129.25344223333337,128.600689524,1.0,1.0,147.0,129.25344223333337,129.69365900833336,69.0,102.0,196.0,,,,,,129.25344223333337,129.64112285000002,57.0,93.0,404.0,128.60069,132.078946,F#:min,50.0
1289,129.45996368333334,128.600689524,1.0,1.0,147.0,129.25344223333337,129.69365900833336,69.0,102.0,196.0,,,,,,129.25344223333337,129.64112285000002,57.0,93.0,404.0,128.60069,132.078946,F#:min,50.0
1290,129.470253524,129.470253524,0.0,0.0,148.0,129.25344223333337,129.69365900833336,69.0,102.0,196.0,,,,,,129.25344223333337,129.64112285000002,57.0,93.0,404.0,128.60069,132.078946,F#:min,50.0
1291,129.47083323333337,129.470253524,0.0,0.0,148.0,129.25344223333337,129.69365900833336,69.0,102.0,196.0,,,,,,129.47083323333337,130.57771574166668,66.0,89.0,405.0,128.60069,132.078946,F#:min,50.0
1292,129.64112285000002,129.470253524,0.0,0.0,148.0,129.25344223333337,129.69365900833336,69.0,102.0,196.0,,,,,,129.47083323333337,130.57771574166668,66.0,89.0,405.0,128.60069,132.078946,F#:min,50.0
1293,129.68822423333336,129.470253524,0.0,0.0,148.0,129.25344223333337,129.69365900833336,69.0,102.0,196.0,,,,,,129.68822423333336,130.34583200833336,54.0,75.0,406.0,128.60069,132.078946,F#:min,50.0
1294,129.69365900833336,129.470253524,0.0,0.0,148.0,129.25344223333337,129.69365900833336,69.0,102.0,196.0,,,,,,129.68822423333336,130.34583200833336,54.0,75.0,406.0,128.60069,132.078946,F#:min,50.0
1295,129.90561523333335,129.470253524,0.0,0.0,148.0,129.90561523333335,129.99800640833337,69.0,102.0,197.0,,,,,,129.90561523333335,130.47626660833336,61.0,63.0,407.0,128.60069,132.078946,F#:min,50.0
1296,129.99800640833337,129.470253524,0.0,0.0,148.0,129.90561523333335,129.99800640833337,69.0,102.0,197.0,,,,,,129.90561523333335,130.47626660833336,61.0,63.0,407.0,128.60069,132.078946,F#:min,50.0
1297,130.12300623333334,129.470253524,0.0,0.0,148.0,130.12300623333334,130.44184636666668,69.0,112.0,198.0,,,,,,130.12300623333334,130.5505418666667,57.0,74.0,408.0,128.60069,132.078946,F#:min,50.0
1298,130.22264377500002,129.470253524,0.0,0.0,148.0,130.12300623333334,130.44184636666668,69.0,112.0,198.0,,,,,,130.12300623333334,130.5505418666667,57.0,74.0,408.0,128.60069,132.078946,F#:min,50.0
1299,130.32409290833334,129.470253524,0.0,0.0,148.0,130.12300623333334,130.44184636666668,69.0,112.0,198.0,,,,,,130.12300623333334,130.5505418666667,57.0,74.0,408.0,128.60069,132.078946,F#:min,50.0
1300,130.33981752399998,130.33981752399998,1.0,0.0,149.0,130.12300623333334,130.44184636666668,69.0,112.0,198.0,,,,,,130.12300623333334,130.5505418666667,57.0,74.0,408.0,128.60069,132.078946,F#:min,50.0
1301,130.34039723333336,130.33981752399998,1.0,0.0,149.0,130.12300623333334,130.44184636666668,69.0,112.0,198.0,,,,,,130.34039723333336,131.6103229916667,42.0,83.0,409.0,128.60069,132.078946,F#:min,50.0
1302,130.34583200833336,130.33981752399998,1.0,0.0,149.0,130.12300623333334,130.44184636666668,69.0,112.0,198.0,,,,,,130.34039723333336,131.6103229916667,42.0,83.0,409.0,128.60069,132.078946,F#:min,50.0
1303,130.44184636666668,130.33981752399998,1.0,0.0,149.0,130.12300623333334,130.44184636666668,69.0,112.0,198.0,,,,,,130.34039723333336,131.6103229916667,42.0,83.0,409.0,128.60069,132.078946,F#:min,50.0
1304,130.47626660833336,130.33981752399998,1.0,0.0,149.0,,,,,,,,,,,130.34039723333336,131.6103229916667,42.0,83.0,409.0,128.60069,132.078946,F#:min,50.0
1305,130.5505418666667,130.33981752399998,1.0,0.0,149.0,,,,,,,,,,,130.34039723333336,131.6103229916667,42.0,83.0,409.0,128.60069,132.078946,F#:min,50.0
1306,130.55778823333335,130.33981752399998,1.0,0.0,149.0,,,,,,,,,,,130.55778823333335,131.59583025833336,49.0,35.0,410.0,128.60069,132.078946,F#:min,50.0
1307,130.57771574166668,130.33981752399998,1.0,0.0,149.0,,,,,,,,,,,130.55778823333335,131.59583025833336,49.0,35.0,410.0,128.60069,132.078946,F#:min,50.0
1308,130.77517923333335,130.33981752399998,1.0,0.0,149.0,130.77517923333335,130.85851245,67.0,93.0,199.0,,,,,,130.77517923333335,131.26974375833336,54.0,70.0,411.0,128.60069,132.078946,F#:min,50.0
1309,130.85851245,130.33981752399998,1.0,0.0,149.0,130.77517923333335,130.85851245,67.0,93.0,199.0,,,,,,130.77517923333335,131.26974375833336,54.0,70.0,411.0,128.60069,132.078946,F#:min,50.0
1310,130.99257023333337,130.33981752399998,1.0,0.0,149.0,130.99257023333337,131.2896712666667,67.0,100.0,200.0,,,,,,130.99257023333337,131.44184496666668,57.0,85.0,412.0,128.60069,132.078946,F#:min,50.0
1311,131.20938152399998,131.20938152399998,0.0,0.0,150.0,130.99257023333337,131.2896712666667,67.0,100.0,200.0,,,,,,130.99257023333337,131.44184496666668,57.0,85.0,412.0,128.60069,132.078946,F#:min,50.0
1312,131.20996123333336,131.20938152399998,0.0,0.0,150.0,130.99257023333337,131.2896712666667,67.0,100.0,200.0,,,,,,131.20996123333336,132.0668440916667,66.0,102.0,413.0,128.60069,132.078946,F#:min,50.0
1313,131.26974375833336,131.20938152399998,0.0,0.0,150.0,130.99257023333337,131.2896712666667,67.0,100.0,200.0,,,,,,131.20996123333336,132.0668440916667,66.0,102.0,413.0,128.60069,132.078946,F#:min,50.0
1314,131.2896712666667,131.20938152399998,0.0,0.0,150.0,130.99257023333337,131.2896712666667,67.0,100.0,200.0,,,,,,131.20996123333336,132.0668440916667,66.0,102.0,413.0,128.60069,132.078946,F#:min,50.0
1315,131.42735223333335,131.20938152399998,0.0,0.0,150.0,131.42735223333335,131.64836641666668,66.0,102.0,201.0,,,,,,131.42735223333335,131.66285915000003,54.0,82.0,414.0,128.60069,132.078946,F#:min,50.0
1316,131.44184496666668,131.20938152399998,0.0,0.0,150.0,131.42735223333335,131.64836641666668,66.0,102.0,201.0,,,,,,131.42735223333335,131.66285915000003,54.0,82.0,414.0,128.60069,132.078946,F#:min,50.0
1317,131.59583025833336,131.20938152399998,0.0,0.0,150.0,131.42735223333335,131.64836641666668,66.0,102.0,201.0,,,,,,131.42735223333335,131.66285915000003,54.0,82.0,414.0,128.60069,132.078946,F#:min,50.0
1318,131.6103229916667,131.20938152399998,0.0,0.0,150.0,131.42735223333335,131.64836641666668,66.0,102.0,201.0,,,,,,131.42735223333335,131.66285915000003,54.0,82.0,414.0,128.60069,132.078946,F#:min,50.0
1319,131.64474323333334,131.20938152399998,0.0,0.0,150.0,131.42735223333335,131.64836641666668,66.0,102.0,201.0,,,,,,131.64474323333334,132.00524997500003,61.0,86.0,415.0,128.60069,132.078946,F#:min,50.0
1320,131.64836641666668,131.20938152399998,0.0,0.0,150.0,131.42735223333335,131.64836641666668,66.0,102.0,201.0,,,,,,131.64474323333334,132.00524997500003,61.0,86.0,415.0,128.60069,132.078946,F#:min,50.0
1321,131.66285915000003,131.20938152399998,0.0,0.0,150.0,,,,,,,,,,,131.64474323333334,132.00524997500003,61.0,86.0,415.0,128.60069,132.078946,F#:min,50.0
1322,131.86213423333336,131.20938152399998,0.0,0.0,150.0,131.86213423333336,131.9472790416667,66.0,102.0,202.0,,,,,,131.86213423333336,132.04691658333334,57.0,85.0,416.0,128.60069,132.078946,F#:min,50.0
1323,131.9472790416667,131.20938152399998,0.0,0.0,150.0,131.86213423333336,131.9472790416667,66.0,102.0,202.0,,,,,,131.86213423333336,132.04691658333334,57.0,85.0,416.0,128.60069,132.078946,F#:min,50.0
1324,132.00524997500003,131.20938152399998,0.0,0.0,150.0,,,,,,,,,,,131.86213423333336,132.04691658333334,57.0,85.0,416.0,128.60069,132.078946,F#:min,50.0
1325,132.04691658333334,131.20938152399998,0.0,0.0,150.0,,,,,,,,,,,131.86213423333336,132.04691658333334,57.0,85.0,416.0,128.60069,132.078946,F#:min,50.0
1326,132.0668440916667,131.20938152399998,0.0,0.0,150.0,,,,,,,,,,,,,,,,128.60069,132.078946,F#:min,50.0
1327,132.078945524,132.078945524,1.0,1.0,151.0,,,,,,,,,,,,,,,,128.60069,132.078946,F#:min,50.0
1328,132.078946,132.078945524,1.0,1.0,151.0,,,,,,,,,,,,,,,,132.078946,135.557202,B:maj,51.0
1329,132.07952523333336,132.078945524,1.0,1.0,151.0,132.07952523333336,132.37662626666668,66.0,117.0,203.0,,,,,,132.07952523333336,133.2389439,47.0,78.0,417.0,132.078946,135.557202,B:maj,51.0
1330,132.29691623333335,132.078945524,1.0,1.0,151.0,132.07952523333336,132.37662626666668,66.0,117.0,203.0,,,,,,132.29691623333335,133.32590030000003,54.0,79.0,418.0,132.078946,135.557202,B:maj,51.0
1331,132.37662626666668,132.078945524,1.0,1.0,151.0,132.07952523333336,132.37662626666668,66.0,117.0,203.0,,,,,,132.29691623333335,133.32590030000003,54.0,79.0,418.0,132.078946,135.557202,B:maj,51.0
1332,132.51430723333334,132.078945524,1.0,1.0,151.0,132.51430723333334,132.65017660833337,66.0,102.0,204.0,,,,,,132.51430723333334,132.76249529166668,59.0,79.0,419.0,132.078946,135.557202,B:maj,51.0
1333,132.65017660833337,132.078945524,1.0,1.0,151.0,132.51430723333334,132.65017660833337,66.0,102.0,204.0,,,,,,132.51430723333334,132.76249529166668,59.0,79.0,419.0,132.078946,135.557202,B:maj,51.0
1334,132.73169823333336,132.078945524,1.0,1.0,151.0,132.73169823333336,133.1157556666667,66.0,112.0,205.0,,,,,,132.73169823333336,133.99256603333336,63.0,90.0,420.0,132.078946,135.557202,B:maj,51.0
1335,132.76249529166668,132.078945524,1.0,1.0,151.0,132.73169823333336,133.1157556666667,66.0,112.0,205.0,,,,,,132.73169823333336,133.99256603333336,63.0,90.0,420.0,132.078946,135.557202,B:maj,51.0
1336,132.948509524,132.948509524,0.0,0.0,152.0,132.73169823333336,133.1157556666667,66.0,112.0,205.0,,,,,,132.73169823333336,133.99256603333336,63.0,90.0,420.0,132.078946,135.557202,B:maj,51.0
1337,132.94908923333335,132.948509524,0.0,0.0,152.0,132.73169823333336,133.1157556666667,66.0,112.0,205.0,,,,,,132.94908923333335,133.972638525,66.0,99.0,421.0,132.078946,135.557202,B:maj,51.0
1338,133.1157556666667,132.948509524,0.0,0.0,152.0,132.73169823333336,133.1157556666667,66.0,112.0,205.0,,,,,,132.94908923333335,133.972638525,66.0,99.0,421.0,132.078946,135.557202,B:maj,51.0
1339,133.16648023333337,132.948509524,0.0,0.0,152.0,133.16648023333337,133.700899775,67.0,97.0,206.0,,,,,,133.16648023333337,133.94365305833335,59.0,75.0,422.0,132.078946,135.557202,B:maj,51.0
1340,133.2389439,132.948509524,0.0,0.0,152.0,133.16648023333337,133.700899775,67.0,97.0,206.0,,,,,,133.16648023333337,133.94365305833335,59.0,75.0,422.0,132.078946,135.557202,B:maj,51.0
1341,133.32590030000003,132.948509524,0.0,0.0,152.0,133.16648023333337,133.700899775,67.0,97.0,206.0,,,,,,133.16648023333337,133.94365305833335,59.0,75.0,422.0,132.078946,135.557202,B:maj,51.0
1342,133.38387123333337,132.948509524,0.0,0.0,152.0,133.16648023333337,133.700899775,67.0,97.0,206.0,,,,,,133.38387123333337,133.70452295833334,47.0,79.0,423.0,132.078946,135.557202,B:maj,51.0
1343,133.700899775,132.948509524,0.0,0.0,152.0,133.16648023333337,133.700899775,67.0,97.0,206.0,,,,,,133.38387123333337,133.70452295833334,47.0,79.0,423.0,132.078946,135.557202,B:maj,51.0
1344,133.70452295833334,132.948509524,0.0,0.0,152.0,,,,,,,,,,,133.38387123333337,133.70452295833334,47.0,79.0,423.0,132.078946,135.557202,B:maj,51.0
1345,133.818073524,133.818073524,1.0,0.0,153.0,,,,,,,,,,,,,,,,132.078946,135.557202,B:maj,51.0
1346,133.81865323333335,133.818073524,1.0,0.0,153.0,133.81865323333335,134.20995703333335,66.0,102.0,207.0,,,,,,133.81865323333335,135.03241965,47.0,85.0,424.0,132.078946,135.557202,B:maj,51.0
1347,133.94365305833335,133.818073524,1.0,0.0,153.0,133.81865323333335,134.20995703333335,66.0,102.0,207.0,,,,,,133.81865323333335,135.03241965,47.0,85.0,424.0,132.078946,135.557202,B:maj,51.0
1348,133.972638525,133.818073524,1.0,0.0,153.0,133.81865323333335,134.20995703333335,66.0,102.0,207.0,,,,,,133.81865323333335,135.03241965,47.0,85.0,424.0,132.078946,135.557202,B:maj,51.0
1349,133.99256603333336,133.818073524,1.0,0.0,153.0,133.81865323333335,134.20995703333335,66.0,102.0,207.0,,,,,,133.81865323333335,135.03241965,47.0,85.0,424.0,132.078946,135.557202,B:maj,51.0
1350,134.03604423333334,133.818073524,1.0,0.0,153.0,133.81865323333335,134.20995703333335,66.0,102.0,207.0,,,,,,134.03604423333334,134.73894180000002,59.0,69.0,425.0,132.078946,135.557202,B:maj,51.0
1351,134.20995703333335,133.818073524,1.0,0.0,153.0,133.81865323333335,134.20995703333335,66.0,102.0,207.0,,,,,,134.03604423333334,134.73894180000002,59.0,69.0,425.0,132.078946,135.557202,B:maj,51.0
1352,134.25343523333336,133.818073524,1.0,0.0,153.0,,,,,,,,,,,134.25343523333336,135.50524507500003,63.0,78.0,426.0,132.078946,135.557202,B:maj,51.0
1353,134.687637524,134.687637524,0.0,0.0,154.0,,,,,,,,,,,134.25343523333336,135.50524507500003,63.0,78.0,426.0,132.078946,135.557202,B:maj,51.0
1354,134.68821723333335,134.687637524,0.0,0.0,154.0,134.68821723333335,134.9744487166667,64.0,99.0,208.0,,,,,,134.68821723333335,135.54510009166668,66.0,99.0,427.0,132.078946,135.557202,B:maj,51.0
1355,134.73894180000002,134.687637524,0.0,0.0,154.0,134.68821723333335,134.9744487166667,64.0,99.0,208.0,,,,,,134.68821723333335,135.54510009166668,66.0,99.0,427.0,132.078946,135.557202,B:maj,51.0
1356,134.9744487166667,134.687637524,0.0,0.0,154.0,134.68821723333335,134.9744487166667,64.0,99.0,208.0,,,,,,134.68821723333335,135.54510009166668,66.0,99.0,427.0,132.078946,135.557202,B:maj,51.0
1357,135.03241965,134.687637524,0.0,0.0,154.0,,,,,,,,,,,134.68821723333335,135.54510009166668,66.0,99.0,427.0,132.078946,135.557202,B:maj,51.0
1358,135.12299923333336,134.687637524,0.0,0.0,154.0,135.12299923333336,135.1918397166667,66.0,95.0,209.0,,,,,,134.68821723333335,135.54510009166668,66.0,99.0,427.0,132.078946,135.557202,B:maj,51.0
1359,135.1918397166667,134.687637524,0.0,0.0,154.0,135.12299923333336,135.1918397166667,66.0,95.0,209.0,,,,,,134.68821723333335,135.54510009166668,66.0,99.0,427.0,132.078946,135.557202,B:maj,51.0
1360,135.34039023333335,134.687637524,0.0,0.0,154.0,135.34039023333335,135.94183866666668,67.0,86.0,210.0,,,,,,134.68821723333335,135.54510009166668,66.0,99.0,427.0,132.078946,135.557202,B:maj,51.0
1361,135.50524507500003,134.687637524,0.0,0.0,154.0,135.34039023333335,135.94183866666668,67.0,86.0,210.0,,,,,,134.68821723333335,135.54510009166668,66.0,99.0,427.0,132.078946,135.557202,B:maj,51.0
1362,135.54510009166668,134.687637524,0.0,0.0,154.0,135.34039023333335,135.94183866666668,67.0,86.0,210.0,,,,,,134.68821723333335,135.54510009166668,66.0,99.0,427.0,132.078946,135.557202,B:maj,51.0
1363,135.557201524,135.557201524,1.0,1.0,155.0,135.34039023333335,135.94183866666668,67.0,86.0,210.0,,,,,,,,,,,132.078946,135.557202,B:maj,51.0
1364,135.557202,135.557201524,1.0,1.0,155.0,135.34039023333335,135.94183866666668,67.0,86.0,210.0,,,,,,,,,,,135.557202,137.29633,E:min,52.0
1365,135.55778123333334,135.557201524,1.0,1.0,155.0,135.34039023333335,135.94183866666668,67.0,86.0,210.0,,,,,,135.55778123333334,136.81502585,40.0,70.0,428.0,135.557202,137.29633,E:min,52.0
1366,135.77517223333336,135.557201524,1.0,1.0,155.0,135.34039023333335,135.94183866666668,67.0,86.0,210.0,,,,,,135.77517223333336,136.81140266666668,47.0,63.0,429.0,135.557202,137.29633,E:min,52.0
1367,135.94183866666668,135.557201524,1.0,1.0,155.0,135.34039023333335,135.94183866666668,67.0,86.0,210.0,,,,,,135.77517223333336,136.81140266666668,47.0,63.0,429.0,135.557202,137.29633,E:min,52.0
1368,135.99256323333336,135.557201524,1.0,1.0,155.0,,,,,,,,,,,135.99256323333336,136.46720025000002,52.0,79.0,430.0,135.557202,137.29633,E:min,52.0
1369,136.20995423333335,135.557201524,1.0,1.0,155.0,,,,,,,,,,,136.20995423333335,136.52517118333336,59.0,77.0,431.0,135.557202,137.29633,E:min,52.0
1370,136.426765524,136.426765524,0.0,0.0,156.0,,,,,,,,,,,136.20995423333335,136.52517118333336,59.0,77.0,431.0,135.557202,137.29633,E:min,52.0
1371,136.42734523333334,136.426765524,0.0,0.0,156.0,136.42734523333334,136.7950983416667,59.0,95.0,211.0,,,,,,136.42734523333334,137.3657497166667,67.0,92.0,432.0,135.557202,137.29633,E:min,52.0
1372,136.46720025000002,136.426765524,0.0,0.0,156.0,136.42734523333334,136.7950983416667,59.0,95.0,211.0,,,,,,136.42734523333334,137.3657497166667,67.0,92.0,432.0,135.557202,137.29633,E:min,52.0
1373,136.52517118333336,136.426765524,0.0,0.0,156.0,136.42734523333334,136.7950983416667,59.0,95.0,211.0,,,,,,136.42734523333334,137.3657497166667,67.0,92.0,432.0,135.557202,137.29633,E:min,52.0
1374,136.64473623333336,136.426765524,0.0,0.0,156.0,136.42734523333334,136.7950983416667,59.0,95.0,211.0,,,,,,136.64473623333336,137.31321355833336,52.0,72.0,433.0,135.557202,137.29633,E:min,52.0
1375,136.7950983416667,136.426765524,0.0,0.0,156.0,136.42734523333334,136.7950983416667,59.0,95.0,211.0,,,,,,136.64473623333336,137.31321355833336,52.0,72.0,433.0,135.557202,137.29633,E:min,52.0
1376,136.81140266666668,136.426765524,0.0,0.0,156.0,,,,,,,,,,,136.64473623333336,137.31321355833336,52.0,72.0,433.0,135.557202,137.29633,E:min,52.0
1377,136.81502585,136.426765524,0.0,0.0,156.0,,,,,,,,,,,136.64473623333336,137.31321355833336,52.0,72.0,433.0,135.557202,137.29633,E:min,52.0
1378,136.86212723333335,136.426765524,0.0,0.0,156.0,136.86212723333335,137.13930075833335,62.0,92.0,212.0,,,,,,136.64473623333336,137.31321355833336,52.0,72.0,433.0,135.557202,137.29633,E:min,52.0
1379,137.13930075833335,136.426765524,0.0,0.0,156.0,136.86212723333335,137.13930075833335,62.0,92.0,212.0,,,,,,136.64473623333336,137.31321355833336,52.0,72.0,433.0,135.557202,137.29633,E:min,52.0
1380,137.296329524,137.296329524,1.0,0.0,157.0,,,,,,,,,,,136.64473623333336,137.31321355833336,52.0,72.0,433.0,135.557202,137.29633,E:min,52.0
1381,137.29633,137.296329524,1.0,0.0,157.0,,,,,,,,,,,136.64473623333336,137.31321355833336,52.0,72.0,433.0,137.29633,139.035458,A:maj,53.0
1382,137.29690923333337,137.296329524,1.0,0.0,157.0,137.29690923333337,137.94364745833334,62.0,100.0,213.0,,,,,,137.29690923333337,138.3766178666667,45.0,73.0,434.0,137.29633,139.035458,A:maj,53.0
1383,137.31321355833336,137.296329524,1.0,0.0,157.0,137.29690923333337,137.94364745833334,62.0,100.0,213.0,,,,,,137.29690923333337,138.3766178666667,45.0,73.0,434.0,137.29633,139.035458,A:maj,53.0
1384,137.3657497166667,137.296329524,1.0,0.0,157.0,137.29690923333337,137.94364745833334,62.0,100.0,213.0,,,,,,137.29690923333337,138.3766178666667,45.0,73.0,434.0,137.29633,139.035458,A:maj,53.0
1385,137.51430023333336,137.296329524,1.0,0.0,157.0,137.29690923333337,137.94364745833334,62.0,100.0,213.0,,,,,,137.51430023333336,138.18277755833336,52.0,50.0,435.0,137.29633,139.035458,A:maj,53.0
1386,137.73169123333335,137.296329524,1.0,0.0,157.0,137.29690923333337,137.94364745833334,62.0,100.0,213.0,,,,,,137.73169123333335,139.03603723333336,57.0,66.0,436.0,137.29633,139.035458,A:maj,53.0
1387,137.94364745833334,137.296329524,1.0,0.0,157.0,137.29690923333337,137.94364745833334,62.0,100.0,213.0,,,,,,137.73169123333335,139.03603723333336,57.0,66.0,436.0,137.29633,139.035458,A:maj,53.0
1388,138.16589352399998,138.16589352399998,0.0,0.0,158.0,,,,,,,,,,,137.73169123333335,139.03603723333336,57.0,66.0,436.0,137.29633,139.035458,A:maj,53.0
1389,138.16647323333336,138.16589352399998,0.0,0.0,158.0,138.16647323333336,138.95632720000003,61.0,96.0,214.0,,,,,,138.16647323333336,139.03603723333336,64.0,81.0,437.0,137.29633,139.035458,A:maj,53.0
1390,138.18277755833336,138.16589352399998,0.0,0.0,158.0,138.16647323333336,138.95632720000003,61.0,96.0,214.0,,,,,,138.16647323333336,139.03603723333336,64.0,81.0,437.0,137.29633,139.035458,A:maj,53.0
1391,138.3766178666667,138.16589352399998,0.0,0.0,158.0,138.16647323333336,138.95632720000003,61.0,96.0,214.0,,,,,,138.16647323333336,139.03603723333336,64.0,81.0,437.0,137.29633,139.035458,A:maj,53.0
1392,138.95632720000003,138.16589352399998,0.0,0.0,158.0,138.16647323333336,138.95632720000003,61.0,96.0,214.0,,,,,,138.16647323333336,139.03603723333336,64.0,81.0,437.0,137.29633,139.035458,A:maj,53.0
1393,139.03545752399998,139.03545752399998,1.0,1.0,159.0,,,,,,,,,,,138.16647323333336,139.03603723333336,64.0,81.0,437.0,137.29633,139.035458,A:maj,53.0
1394,139.035458,139.03545752399998,1.0,1.0,159.0,,,,,,,,,,,138.16647323333336,139.03603723333336,64.0,81.0,437.0,139.035458,142.513714,D:maj,54.0
1395,139.03603723333336,139.03545752399998,1.0,1.0,159.0,139.03603723333336,140.31864413333335,62.0,96.0,215.0,,,,,,139.03603723333336,142.3548731666667,38.0,82.0,438.0,139.035458,142.513714,D:maj,54.0
1396,139.47081923333334,139.03545752399998,1.0,1.0,159.0,139.03603723333336,140.31864413333335,62.0,96.0,215.0,,,,,,139.47081923333334,142.57588735000002,45.0,56.0,439.0,139.035458,142.513714,D:maj,54.0
1397,139.905021524,139.905021524,0.0,0.0,160.0,139.03603723333336,140.31864413333335,62.0,96.0,215.0,,,,,,139.47081923333334,142.57588735000002,45.0,56.0,439.0,139.035458,142.513714,D:maj,54.0
1398,139.90560123333336,139.905021524,0.0,0.0,160.0,139.03603723333336,140.31864413333335,62.0,96.0,215.0,139.90560123333336,140.56320900833336,67.0,83.0,28.0,139.90560123333336,141.72081608333335,57.0,59.0,440.0,139.035458,142.513714,D:maj,54.0
1399,139.90560123333336,139.905021524,0.0,0.0,160.0,139.03603723333336,140.31864413333335,62.0,96.0,215.0,139.90560123333336,140.56320900833336,67.0,83.0,28.0,139.90560123333336,140.56502060000005,62.0,65.0,441.0,139.035458,142.513714,D:maj,54.0
1400,139.90560123333336,139.905021524,0.0,0.0,160.0,139.03603723333336,140.31864413333335,62.0,96.0,215.0,139.90560123333336,140.56320900833336,67.0,83.0,28.0,139.90560123333336,140.66284655,66.0,56.0,442.0,139.035458,142.513714,D:maj,54.0
1401,140.31864413333335,139.905021524,0.0,0.0,160.0,139.03603723333336,140.31864413333335,62.0,96.0,215.0,139.90560123333336,140.56320900833336,67.0,83.0,28.0,139.90560123333336,140.66284655,66.0,56.0,442.0,139.035458,142.513714,D:maj,54.0
1402,140.34038323333334,139.905021524,0.0,0.0,160.0,,,,,,139.90560123333336,140.56320900833336,67.0,83.0,28.0,140.34038323333334,140.99617941666668,50.0,65.0,443.0,139.035458,142.513714,D:maj,54.0
1403,140.55777423333336,139.905021524,0.0,0.0,160.0,,,,,,140.55777423333336,141.66465674166668,66.0,89.0,29.0,140.34038323333334,140.99617941666668,50.0,65.0,443.0,139.035458,142.513714,D:maj,54.0
1404,140.56320900833336,139.905021524,0.0,0.0,160.0,,,,,,140.55777423333336,141.66465674166668,66.0,89.0,29.0,140.34038323333334,140.99617941666668,50.0,65.0,443.0,139.035458,142.513714,D:maj,54.0
1405,140.56502060000005,139.905021524,0.0,0.0,160.0,,,,,,140.55777423333336,141.66465674166668,66.0,89.0,29.0,140.34038323333334,140.99617941666668,50.0,65.0,443.0,139.035458,142.513714,D:maj,54.0
1406,140.66284655,139.905021524,0.0,0.0,160.0,,,,,,140.55777423333336,141.66465674166668,66.0,89.0,29.0,140.34038323333334,140.99617941666668,50.0,65.0,443.0,139.035458,142.513714,D:maj,54.0
1407,140.774585524,140.774585524,1.0,0.0,161.0,,,,,,140.55777423333336,141.66465674166668,66.0,89.0,29.0,140.34038323333334,140.99617941666668,50.0,65.0,443.0,139.035458,142.513714,D:maj,54.0
1408,140.77516523333335,140.774585524,1.0,0.0,161.0,,,,,,140.55777423333336,141.66465674166668,66.0,89.0,29.0,140.77516523333335,141.54328010000003,62.0,74.0,444.0,139.035458,142.513714,D:maj,54.0
1409,140.99617941666668,140.774585524,1.0,0.0,161.0,,,,,,140.55777423333336,141.66465674166668,66.0,89.0,29.0,140.77516523333335,141.54328010000003,62.0,74.0,444.0,139.035458,142.513714,D:maj,54.0
1410,141.20994723333337,140.774585524,1.0,0.0,161.0,,,,,,140.55777423333336,141.66465674166668,66.0,89.0,29.0,141.20994723333337,142.4092209166667,50.0,66.0,445.0,139.035458,142.513714,D:maj,54.0
1411,141.54328010000003,140.774585524,1.0,0.0,161.0,,,,,,140.55777423333336,141.66465674166668,66.0,89.0,29.0,141.20994723333337,142.4092209166667,50.0,66.0,445.0,139.035458,142.513714,D:maj,54.0
1412,141.644149524,141.644149524,0.0,0.0,162.0,,,,,,140.55777423333336,141.66465674166668,66.0,89.0,29.0,141.20994723333337,142.4092209166667,50.0,66.0,445.0,139.035458,142.513714,D:maj,54.0
1413,141.64472923333335,141.644149524,0.0,0.0,162.0,,,,,,141.64472923333335,143.18639374166668,64.0,73.0,30.0,141.64472923333335,143.21719080000005,66.0,107.0,446.0,139.035458,142.513714,D:maj,54.0
1414,141.66465674166668,141.644149524,0.0,0.0,162.0,,,,,,141.64472923333335,143.18639374166668,64.0,73.0,30.0,141.64472923333335,143.21719080000005,66.0,107.0,446.0,139.035458,142.513714,D:maj,54.0
1415,141.72081608333335,141.644149524,0.0,0.0,162.0,,,,,,141.64472923333335,143.18639374166668,64.0,73.0,30.0,141.64472923333335,143.21719080000005,66.0,107.0,446.0,139.035458,142.513714,D:maj,54.0
1416,142.07951123333336,141.644149524,0.0,0.0,162.0,,,,,,141.64472923333335,143.18639374166668,64.0,73.0,30.0,142.07951123333336,143.1537850916667,62.0,59.0,447.0,139.035458,142.513714,D:maj,54.0
1417,142.3548731666667,141.644149524,0.0,0.0,162.0,,,,,,141.64472923333335,143.18639374166668,64.0,73.0,30.0,142.07951123333336,143.1537850916667,62.0,59.0,447.0,139.035458,142.513714,D:maj,54.0
1418,142.4092209166667,141.644149524,0.0,0.0,162.0,,,,,,141.64472923333335,143.18639374166668,64.0,73.0,30.0,142.07951123333336,143.1537850916667,62.0,59.0,447.0,139.035458,142.513714,D:maj,54.0
1419,142.513713524,142.513713524,1.0,1.0,163.0,,,,,,141.64472923333335,143.18639374166668,64.0,73.0,30.0,142.07951123333336,143.1537850916667,62.0,59.0,447.0,139.035458,142.513714,D:maj,54.0
1420,142.513714,142.513713524,1.0,1.0,163.0,,,,,,141.64472923333335,143.18639374166668,64.0,73.0,30.0,142.07951123333336,143.1537850916667,62.0,59.0,447.0,142.513714,145.99197,D:maj,55.0
1421,142.51429323333335,142.513713524,1.0,1.0,163.0,,,,,,141.64472923333335,143.18639374166668,64.0,73.0,30.0,142.51429323333335,145.9907376416667,38.0,72.0,448.0,142.513714,145.99197,D:maj,55.0
1422,142.57588735000002,142.513713524,1.0,1.0,163.0,,,,,,141.64472923333335,143.18639374166668,64.0,73.0,30.0,142.51429323333335,145.9907376416667,38.0,72.0,448.0,142.513714,145.99197,D:maj,55.0
1423,142.94907523333336,142.513713524,1.0,1.0,163.0,,,,,,141.64472923333335,143.18639374166668,64.0,73.0,30.0,142.94907523333336,145.92370875000003,45.0,56.0,449.0,142.513714,145.99197,D:maj,55.0
1424,143.1537850916667,142.513713524,1.0,1.0,163.0,,,,,,141.64472923333335,143.18639374166668,64.0,73.0,30.0,142.94907523333336,145.92370875000003,45.0,56.0,449.0,142.513714,145.99197,D:maj,55.0
1425,143.18639374166668,142.513713524,1.0,1.0,163.0,,,,,,141.64472923333335,143.18639374166668,64.0,73.0,30.0,142.94907523333336,145.92370875000003,45.0,56.0,449.0,142.513714,145.99197,D:maj,55.0
1426,143.21719080000005,142.513713524,1.0,1.0,163.0,,,,,,,,,,,142.94907523333336,145.92370875000003,45.0,56.0,449.0,142.513714,145.99197,D:maj,55.0
1427,143.383277524,143.383277524,0.0,0.0,164.0,,,,,,,,,,,142.94907523333336,145.92370875000003,45.0,56.0,449.0,142.513714,145.99197,D:maj,55.0
1428,143.38385723333334,143.383277524,0.0,0.0,164.0,,,,,,143.38385723333334,144.07950843333336,67.0,95.0,31.0,143.38385723333334,146.00341878333336,66.0,99.0,450.0,142.513714,145.99197,D:maj,55.0
1429,143.81863923333336,143.383277524,0.0,0.0,164.0,,,,,,143.38385723333334,144.07950843333336,67.0,95.0,31.0,143.81863923333336,144.47262382500003,50.0,53.0,451.0,142.513714,145.99197,D:maj,55.0
1430,144.03603023333335,143.383277524,0.0,0.0,164.0,,,,,,144.03603023333335,145.1211736416667,66.0,82.0,32.0,143.81863923333336,144.47262382500003,50.0,53.0,451.0,142.513714,145.99197,D:maj,55.0
1431,144.07950843333336,143.383277524,0.0,0.0,164.0,,,,,,144.03603023333335,145.1211736416667,66.0,82.0,32.0,143.81863923333336,144.47262382500003,50.0,53.0,451.0,142.513714,145.99197,D:maj,55.0
1432,144.252841524,144.252841524,1.0,0.0,165.0,,,,,,144.03603023333335,145.1211736416667,66.0,82.0,32.0,143.81863923333336,144.47262382500003,50.0,53.0,451.0,142.513714,145.99197,D:maj,55.0
1433,144.25342123333337,144.252841524,1.0,0.0,165.0,,,,,,144.03603023333335,145.1211736416667,66.0,82.0,32.0,144.25342123333337,144.76972485833335,62.0,59.0,452.0,142.513714,145.99197,D:maj,55.0
1434,144.25342123333337,144.252841524,1.0,0.0,165.0,,,,,,144.03603023333335,145.1211736416667,66.0,82.0,32.0,144.25342123333337,145.2516082416667,57.0,45.0,453.0,142.513714,145.99197,D:maj,55.0
1435,144.47262382500003,144.252841524,1.0,0.0,165.0,,,,,,144.03603023333335,145.1211736416667,66.0,82.0,32.0,144.25342123333337,145.2516082416667,57.0,45.0,453.0,142.513714,145.99197,D:maj,55.0
1436,144.68820323333335,144.252841524,1.0,0.0,165.0,,,,,,144.03603023333335,145.1211736416667,66.0,82.0,32.0,144.68820323333335,145.5287817666667,50.0,46.0,454.0,142.513714,145.99197,D:maj,55.0
1437,144.76972485833335,144.252841524,1.0,0.0,165.0,,,,,,144.03603023333335,145.1211736416667,66.0,82.0,32.0,144.68820323333335,145.5287817666667,50.0,46.0,454.0,142.513714,145.99197,D:maj,55.0
1438,145.08494180833335,144.252841524,1.0,0.0,165.0,,,,,,145.08494180833335,145.30776758333334,64.0,82.0,33.0,144.68820323333335,145.5287817666667,50.0,46.0,454.0,142.513714,145.99197,D:maj,55.0
1439,145.1211736416667,144.252841524,1.0,0.0,165.0,,,,,,145.08494180833335,145.30776758333334,64.0,82.0,33.0,144.68820323333335,145.5287817666667,50.0,46.0,454.0,142.513714,145.99197,D:maj,55.0
1440,145.122405524,145.122405524,0.0,0.0,166.0,,,,,,145.08494180833335,145.30776758333334,64.0,82.0,33.0,144.68820323333335,145.5287817666667,50.0,46.0,454.0,142.513714,145.99197,D:maj,55.0
1441,145.12298523333337,145.122405524,0.0,0.0,166.0,,,,,,145.08494180833335,145.30776758333334,64.0,82.0,33.0,145.12298523333337,145.96356376666668,62.0,59.0,455.0,142.513714,145.99197,D:maj,55.0
1442,145.2516082416667,145.122405524,0.0,0.0,166.0,,,,,,145.08494180833335,145.30776758333334,64.0,82.0,33.0,145.12298523333337,145.96356376666668,62.0,59.0,455.0,142.513714,145.99197,D:maj,55.0
1443,145.30233280833335,145.122405524,0.0,0.0,166.0,,,,,,145.30233280833335,145.41102830833336,66.0,85.0,34.0,145.12298523333337,145.96356376666668,62.0,59.0,455.0,142.513714,145.99197,D:maj,55.0
1444,145.30776758333334,145.122405524,0.0,0.0,166.0,,,,,,145.30233280833335,145.41102830833336,66.0,85.0,34.0,145.12298523333337,145.96356376666668,62.0,59.0,455.0,142.513714,145.99197,D:maj,55.0
1445,145.4092167166667,145.122405524,0.0,0.0,166.0,,,,,,145.4092167166667,145.48892675000002,64.0,61.0,35.0,145.12298523333337,145.96356376666668,62.0,59.0,455.0,142.513714,145.99197,D:maj,55.0
1446,145.41102830833336,145.122405524,0.0,0.0,166.0,,,,,,145.4092167166667,145.48892675000002,64.0,61.0,35.0,145.12298523333337,145.96356376666668,62.0,59.0,455.0,142.513714,145.99197,D:maj,55.0
1447,145.46537605833336,145.122405524,0.0,0.0,166.0,,,,,,145.46537605833336,146.20088227500003,62.0,81.0,36.0,145.12298523333337,145.96356376666668,62.0,59.0,455.0,142.513714,145.99197,D:maj,55.0
1448,145.48892675000002,145.122405524,0.0,0.0,166.0,,,,,,145.46537605833336,146.20088227500003,62.0,81.0,36.0,145.12298523333337,145.96356376666668,62.0,59.0,455.0,142.513714,145.99197,D:maj,55.0
1449,145.5287817666667,145.122405524,0.0,0.0,166.0,,,,,,145.46537605833336,146.20088227500003,62.0,81.0,36.0,145.12298523333337,145.96356376666668,62.0,59.0,455.0,142.513714,145.99197,D:maj,55.0
1450,145.55776723333335,145.122405524,0.0,0.0,166.0,,,,,,145.46537605833336,146.20088227500003,62.0,81.0,36.0,145.55776723333335,145.9961724166667,57.0,59.0,456.0,142.513714,145.99197,D:maj,55.0
1451,145.92370875000003,145.122405524,0.0,0.0,166.0,,,,,,145.46537605833336,146.20088227500003,62.0,81.0,36.0,145.55776723333335,145.9961724166667,57.0,59.0,456.0,142.513714,145.99197,D:maj,55.0
1452,145.96356376666668,145.122405524,0.0,0.0,166.0,,,,,,145.46537605833336,146.20088227500003,62.0,81.0,36.0,145.55776723333335,145.9961724166667,57.0,59.0,456.0,142.513714,145.99197,D:maj,55.0
1453,145.9907376416667,145.122405524,0.0,0.0,166.0,,,,,,145.46537605833336,146.20088227500003,62.0,81.0,36.0,145.55776723333335,145.9961724166667,57.0,59.0,456.0,142.513714,145.99197,D:maj,55.0
1454,145.99196952399998,145.99196952399998,1.0,1.0,167.0,,,,,,145.46537605833336,146.20088227500003,62.0,81.0,36.0,145.55776723333335,145.9961724166667,57.0,59.0,456.0,142.513714,145.99197,D:maj,55.0
1455,145.99197,145.99196952399998,1.0,1.0,167.0,,,,,,145.46537605833336,146.20088227500003,62.0,81.0,36.0,145.55776723333335,145.9961724166667,57.0,59.0,456.0,145.99197,147.731098,E:maj,56.0
1456,145.99254923333336,145.99196952399998,1.0,1.0,167.0,,,,,,145.46537605833336,146.20088227500003,62.0,81.0,36.0,145.99254923333336,147.57588035000003,40.0,78.0,457.0,145.99197,147.731098,E:maj,56.0
1457,145.9961724166667,145.99196952399998,1.0,1.0,167.0,,,,,,145.46537605833336,146.20088227500003,62.0,81.0,36.0,145.99254923333336,147.57588035000003,40.0,78.0,457.0,145.99197,147.731098,E:maj,56.0
1458,146.00341878333336,145.99196952399998,1.0,1.0,167.0,,,,,,145.46537605833336,146.20088227500003,62.0,81.0,36.0,145.99254923333336,147.57588035000003,40.0,78.0,457.0,145.99197,147.731098,E:maj,56.0
1459,146.20088227500003,145.99196952399998,1.0,1.0,167.0,,,,,,145.46537605833336,146.20088227500003,62.0,81.0,36.0,145.99254923333336,147.57588035000003,40.0,78.0,457.0,145.99197,147.731098,E:maj,56.0
1460,146.42733123333335,145.99196952399998,1.0,1.0,167.0,,,,,,,,,,,146.42733123333335,147.59761945000002,47.0,52.0,458.0,145.99197,147.731098,E:maj,56.0
1461,146.82225821666668,145.99196952399998,1.0,1.0,167.0,,,,,,146.82225821666668,147.66102515833336,67.0,97.0,37.0,146.42733123333335,147.59761945000002,47.0,52.0,458.0,145.99197,147.731098,E:maj,56.0
1462,146.86153352399998,146.86153352399998,0.0,0.0,168.0,,,,,,146.82225821666668,147.66102515833336,67.0,97.0,37.0,146.42733123333335,147.59761945000002,47.0,52.0,458.0,145.99197,147.731098,E:maj,56.0
1463,146.86211323333336,146.86153352399998,0.0,0.0,168.0,,,,,,146.82225821666668,147.66102515833336,67.0,97.0,37.0,146.86211323333336,147.80232930833336,64.0,69.0,459.0,145.99197,147.731098,E:maj,56.0
1464,146.86211323333336,146.86153352399998,0.0,0.0,168.0,,,,,,146.82225821666668,147.66102515833336,67.0,97.0,37.0,146.86211323333336,147.61211218333335,52.0,43.0,460.0,145.99197,147.731098,E:maj,56.0
1465,147.29689523333334,146.86153352399998,0.0,0.0,168.0,,,,,,146.82225821666668,147.66102515833336,67.0,97.0,37.0,147.29689523333334,147.77153225000004,59.0,48.0,461.0,145.99197,147.731098,E:maj,56.0
1466,147.57588035000003,146.86153352399998,0.0,0.0,168.0,,,,,,146.82225821666668,147.66102515833336,67.0,97.0,37.0,147.29689523333334,147.77153225000004,59.0,48.0,461.0,145.99197,147.731098,E:maj,56.0
1467,147.59761945000002,146.86153352399998,0.0,0.0,168.0,,,,,,146.82225821666668,147.66102515833336,67.0,97.0,37.0,147.29689523333334,147.77153225000004,59.0,48.0,461.0,145.99197,147.731098,E:maj,56.0
1468,147.61211218333335,146.86153352399998,0.0,0.0,168.0,,,,,,146.82225821666668,147.66102515833336,67.0,97.0,37.0,147.29689523333334,147.77153225000004,59.0,48.0,461.0,145.99197,147.731098,E:maj,56.0
1469,147.6483440166667,146.86153352399998,0.0,0.0,168.0,,,,,,147.6483440166667,148.88384953333335,66.0,85.0,38.0,147.29689523333334,147.77153225000004,59.0,48.0,461.0,145.99197,147.731098,E:maj,56.0
1470,147.66102515833336,146.86153352399998,0.0,0.0,168.0,,,,,,147.6483440166667,148.88384953333335,66.0,85.0,38.0,147.29689523333334,147.77153225000004,59.0,48.0,461.0,145.99197,147.731098,E:maj,56.0
1471,147.731097524,147.731097524,1.0,0.0,169.0,,,,,,147.6483440166667,148.88384953333335,66.0,85.0,38.0,147.29689523333334,147.77153225000004,59.0,48.0,461.0,145.99197,147.731098,E:maj,56.0
1472,147.731098,147.731097524,1.0,0.0,169.0,,,,,,147.6483440166667,148.88384953333335,66.0,85.0,38.0,147.29689523333334,147.77153225000004,59.0,48.0,461.0,147.731098,149.470226,A:maj,57.0
1473,147.73167723333336,147.731097524,1.0,0.0,169.0,,,,,,147.6483440166667,148.88384953333335,66.0,85.0,38.0,147.73167723333336,148.83131337500004,45.0,79.0,462.0,147.731098,149.470226,A:maj,57.0
1474,147.77153225000004,147.731097524,1.0,0.0,169.0,,,,,,147.6483440166667,148.88384953333335,66.0,85.0,38.0,147.73167723333336,148.83131337500004,45.0,79.0,462.0,147.731098,149.470226,A:maj,57.0
1475,147.80232930833336,147.731097524,1.0,0.0,169.0,,,,,,147.6483440166667,148.88384953333335,66.0,85.0,38.0,147.73167723333336,148.83131337500004,45.0,79.0,462.0,147.731098,149.470226,A:maj,57.0
1476,148.16645923333337,147.731097524,1.0,0.0,169.0,,,,,,147.6483440166667,148.88384953333335,66.0,85.0,38.0,148.16645923333337,148.79870472500002,52.0,66.0,463.0,147.731098,149.470226,A:maj,57.0
1477,148.559574625,147.731097524,1.0,0.0,169.0,,,,,,148.559574625,149.51066025000003,64.0,78.0,39.0,148.16645923333337,148.79870472500002,52.0,66.0,463.0,147.731098,149.470226,A:maj,57.0
1478,148.600661524,148.600661524,0.0,0.0,170.0,,,,,,148.559574625,149.51066025000003,64.0,78.0,39.0,148.16645923333337,148.79870472500002,52.0,66.0,463.0,147.731098,149.470226,A:maj,57.0
1479,148.60124123333335,148.600661524,0.0,0.0,170.0,,,,,,148.559574625,149.51066025000003,64.0,78.0,39.0,148.60124123333335,149.30776198333336,64.0,78.0,464.0,147.731098,149.470226,A:maj,57.0
1480,148.79870472500002,148.600661524,0.0,0.0,170.0,,,,,,148.559574625,149.51066025000003,64.0,78.0,39.0,148.60124123333335,149.30776198333336,64.0,78.0,464.0,147.731098,149.470226,A:maj,57.0
1481,148.83131337500004,148.600661524,0.0,0.0,170.0,,,,,,148.559574625,149.51066025000003,64.0,78.0,39.0,148.60124123333335,149.30776198333336,64.0,78.0,464.0,147.731098,149.470226,A:maj,57.0
1482,148.88384953333335,148.600661524,0.0,0.0,170.0,,,,,,148.559574625,149.51066025000003,64.0,78.0,39.0,148.60124123333335,149.30776198333336,64.0,78.0,464.0,147.731098,149.470226,A:maj,57.0
1483,149.03602323333337,148.600661524,0.0,0.0,170.0,,,,,,148.559574625,149.51066025000003,64.0,78.0,39.0,149.03602323333337,149.65015280833336,61.0,57.0,465.0,147.731098,149.470226,A:maj,57.0
1484,149.30776198333336,148.600661524,0.0,0.0,170.0,,,,,,148.559574625,149.51066025000003,64.0,78.0,39.0,149.03602323333337,149.65015280833336,61.0,57.0,465.0,147.731098,149.470226,A:maj,57.0
1485,149.470225524,149.470225524,1.0,1.0,171.0,,,,,,148.559574625,149.51066025000003,64.0,78.0,39.0,149.03602323333337,149.65015280833336,61.0,57.0,465.0,147.731098,149.470226,A:maj,57.0
1486,149.470226,149.470225524,1.0,1.0,171.0,,,,,,148.559574625,149.51066025000003,64.0,78.0,39.0,149.03602323333337,149.65015280833336,61.0,57.0,465.0,149.470226,151.209354,F#:min,58.0
1487,149.47080523333335,149.470225524,1.0,1.0,171.0,,,,,,148.559574625,149.51066025000003,64.0,78.0,39.0,149.47080523333335,150.64471663333336,42.0,63.0,466.0,149.470226,151.209354,F#:min,58.0
1488,149.51066025000003,149.470225524,1.0,1.0,171.0,,,,,,148.559574625,149.51066025000003,64.0,78.0,39.0,149.47080523333335,150.64471663333336,42.0,63.0,466.0,149.470226,151.209354,F#:min,58.0
1489,149.65015280833336,149.470225524,1.0,1.0,171.0,,,,,,,,,,,149.47080523333335,150.64471663333336,42.0,63.0,466.0,149.470226,151.209354,F#:min,58.0
1490,149.90558723333336,149.470225524,1.0,1.0,171.0,,,,,,,,,,,149.90558723333336,150.6266007166667,49.0,47.0,467.0,149.470226,151.209354,F#:min,58.0
1491,150.3168185416667,149.470225524,1.0,1.0,171.0,,,,,,150.3168185416667,151.1537738916667,69.0,112.0,40.0,149.90558723333336,150.6266007166667,49.0,47.0,467.0,149.470226,151.209354,F#:min,58.0
1492,150.339789524,150.339789524,0.0,0.0,172.0,,,,,,150.3168185416667,151.1537738916667,69.0,112.0,40.0,149.90558723333336,150.6266007166667,49.0,47.0,467.0,149.470226,151.209354,F#:min,58.0
1493,150.34036923333335,150.339789524,0.0,0.0,172.0,,,,,,150.3168185416667,151.1537738916667,69.0,112.0,40.0,150.34036923333335,151.27877371666668,66.0,64.0,468.0,149.470226,151.209354,F#:min,58.0
1494,150.34036923333335,150.339789524,0.0,0.0,172.0,,,,,,150.3168185416667,151.1537738916667,69.0,112.0,40.0,150.34036923333335,150.7842091916667,54.0,47.0,469.0,149.470226,151.209354,F#:min,58.0
1495,150.34036923333335,150.339789524,0.0,0.0,172.0,,,,,,150.3168185416667,151.1537738916667,69.0,112.0,40.0,150.34036923333335,151.25341143333335,61.0,72.0,470.0,149.470226,151.209354,F#:min,58.0
1496,150.6266007166667,150.339789524,0.0,0.0,172.0,,,,,,150.3168185416667,151.1537738916667,69.0,112.0,40.0,150.34036923333335,151.25341143333335,61.0,72.0,470.0,149.470226,151.209354,F#:min,58.0
1497,150.64471663333336,150.339789524,0.0,0.0,172.0,,,,,,150.3168185416667,151.1537738916667,69.0,112.0,40.0,150.34036923333335,151.25341143333335,61.0,72.0,470.0,149.470226,151.209354,F#:min,58.0
1498,150.77515123333336,150.339789524,0.0,0.0,172.0,,,,,,150.3168185416667,151.1537738916667,69.0,112.0,40.0,150.77515123333336,151.21717960000004,57.0,55.0,471.0,149.470226,151.209354,F#:min,58.0
1499,150.7842091916667,150.339789524,0.0,0.0,172.0,,,,,,150.3168185416667,151.1537738916667,69.0,112.0,40.0,150.77515123333336,151.21717960000004,57.0,55.0,471.0,149.470226,151.209354,F#:min,58.0
1500,151.1537738916667,150.339789524,0.0,0.0,172.0,,,,,,150.3168185416667,151.1537738916667,69.0,112.0,40.0,150.77515123333336,151.21717960000004,57.0,55.0,471.0,149.470226,151.209354,F#:min,58.0
1501,151.15739707500003,150.339789524,0.0,0.0,172.0,,,,,,151.15739707500003,152.10123633333336,67.0,93.0,41.0,150.77515123333336,151.21717960000004,57.0,55.0,471.0,149.470226,151.209354,F#:min,58.0
1502,151.209353524,151.209353524,1.0,0.0,173.0,,,,,,151.15739707500003,152.10123633333336,67.0,93.0,41.0,150.77515123333336,151.21717960000004,57.0,55.0,471.0,149.470226,151.209354,F#:min,58.0
1503,151.209354,151.209353524,1.0,0.0,173.0,,,,,,151.15739707500003,152.10123633333336,67.0,93.0,41.0,150.77515123333336,151.21717960000004,57.0,55.0,471.0,151.209354,152.948482,B:maj,59.0
1504,151.20993323333337,151.209353524,1.0,0.0,173.0,,,,,,151.15739707500003,152.10123633333336,67.0,93.0,41.0,151.20993323333337,152.603047225,47.0,69.0,472.0,151.209354,152.948482,B:maj,59.0
1505,151.21717960000004,151.209353524,1.0,0.0,173.0,,,,,,151.15739707500003,152.10123633333336,67.0,93.0,41.0,151.20993323333337,152.603047225,47.0,69.0,472.0,151.209354,152.948482,B:maj,59.0
1506,151.25341143333335,151.209353524,1.0,0.0,173.0,,,,,,151.15739707500003,152.10123633333336,67.0,93.0,41.0,151.20993323333337,152.603047225,47.0,69.0,472.0,151.209354,152.948482,B:maj,59.0
1507,151.27877371666668,151.209353524,1.0,0.0,173.0,,,,,,151.15739707500003,152.10123633333336,67.0,93.0,41.0,151.20993323333337,152.603047225,47.0,69.0,472.0,151.209354,152.948482,B:maj,59.0
1508,151.64471523333336,151.209353524,1.0,0.0,173.0,,,,,,151.15739707500003,152.10123633333336,67.0,93.0,41.0,151.64471523333336,152.26246799166668,54.0,66.0,473.0,151.209354,152.948482,B:maj,59.0
1509,152.0650045,151.209353524,1.0,0.0,173.0,,,,,,152.0650045,152.82406140833336,66.0,93.0,42.0,151.64471523333336,152.26246799166668,54.0,66.0,473.0,151.209354,152.948482,B:maj,59.0
1510,152.078917524,152.078917524,0.0,0.0,174.0,,,,,,152.0650045,152.82406140833336,66.0,93.0,42.0,151.64471523333336,152.26246799166668,54.0,66.0,473.0,151.209354,152.948482,B:maj,59.0
1511,152.07949723333337,152.078917524,0.0,0.0,174.0,,,,,,152.0650045,152.82406140833336,66.0,93.0,42.0,152.07949723333337,152.15014930833337,66.0,82.0,474.0,151.209354,152.948482,B:maj,59.0
1512,152.07949723333337,152.078917524,0.0,0.0,174.0,,,,,,152.0650045,152.82406140833336,66.0,93.0,42.0,152.07949723333337,152.98891625000002,63.0,83.0,475.0,151.209354,152.948482,B:maj,59.0
1513,152.10123633333336,152.078917524,0.0,0.0,174.0,,,,,,152.0650045,152.82406140833336,66.0,93.0,42.0,152.07949723333337,152.98891625000002,63.0,83.0,475.0,151.209354,152.948482,B:maj,59.0
1514,152.15014930833337,152.078917524,0.0,0.0,174.0,,,,,,152.0650045,152.82406140833336,66.0,93.0,42.0,152.07949723333337,152.98891625000002,63.0,83.0,475.0,151.209354,152.948482,B:maj,59.0
1515,152.26246799166668,152.078917524,0.0,0.0,174.0,,,,,,152.0650045,152.82406140833336,66.0,93.0,42.0,152.07949723333337,152.98891625000002,63.0,83.0,475.0,151.209354,152.948482,B:maj,59.0
1516,152.29688823333336,152.078917524,0.0,0.0,174.0,,,,,,152.0650045,152.82406140833336,66.0,93.0,42.0,152.29688823333336,152.50522127500005,54.0,74.0,476.0,151.209354,152.948482,B:maj,59.0
1517,152.50522127500005,152.078917524,0.0,0.0,174.0,,,,,,152.0650045,152.82406140833336,66.0,93.0,42.0,152.29688823333336,152.50522127500005,54.0,74.0,476.0,151.209354,152.948482,B:maj,59.0
1518,152.51427923333335,152.078917524,0.0,0.0,174.0,,,,,,152.0650045,152.82406140833336,66.0,93.0,42.0,152.51427923333335,152.99616261666668,59.0,63.0,477.0,151.209354,152.948482,B:maj,59.0
1519,152.603047225,152.078917524,0.0,0.0,174.0,,,,,,152.0650045,152.82406140833336,66.0,93.0,42.0,152.51427923333335,152.99616261666668,59.0,63.0,477.0,151.209354,152.948482,B:maj,59.0
1520,152.73167023333335,152.078917524,0.0,0.0,174.0,,,,,,152.0650045,152.82406140833336,66.0,93.0,42.0,152.73167023333335,152.9997858,66.0,74.0,478.0,151.209354,152.948482,B:maj,59.0
1521,152.82406140833336,152.078917524,0.0,0.0,174.0,,,,,,152.0650045,152.82406140833336,66.0,93.0,42.0,152.73167023333335,152.9997858,66.0,74.0,478.0,151.209354,152.948482,B:maj,59.0
1522,152.948481524,152.948481524,1.0,1.0,175.0,,,,,,,,,,,152.73167023333335,152.9997858,66.0,74.0,478.0,151.209354,152.948482,B:maj,59.0
1523,152.948482,152.948481524,1.0,1.0,175.0,,,,,,,,,,,152.73167023333335,152.9997858,66.0,74.0,478.0,152.948482,154.68761,E:min,60.0
1524,152.94906123333337,152.948481524,1.0,1.0,175.0,,,,,,,,,,,152.94906123333337,153.99797280833334,40.0,67.0,479.0,152.948482,154.68761,E:min,60.0
1525,152.98891625000002,152.948481524,1.0,1.0,175.0,,,,,,,,,,,152.94906123333337,153.99797280833334,40.0,67.0,479.0,152.948482,154.68761,E:min,60.0
1526,152.99616261666668,152.948481524,1.0,1.0,175.0,,,,,,,,,,,152.94906123333337,153.99797280833334,40.0,67.0,479.0,152.948482,154.68761,E:min,60.0
1527,152.9997858,152.948481524,1.0,1.0,175.0,,,,,,,,,,,152.94906123333337,153.99797280833334,40.0,67.0,479.0,152.948482,154.68761,E:min,60.0
1528,153.16645223333336,152.948481524,1.0,1.0,175.0,,,,,,,,,,,153.16645223333336,154.05050896666668,47.0,61.0,480.0,152.948482,154.68761,E:min,60.0
1529,153.38384323333335,152.948481524,1.0,1.0,175.0,,,,,,,,,,,153.38384323333335,154.34036363333337,52.0,69.0,481.0,152.948482,154.68761,E:min,60.0
1530,153.60123423333334,152.948481524,1.0,1.0,175.0,,,,,,,,,,,153.60123423333334,154.73710220833337,59.0,57.0,482.0,152.948482,154.68761,E:min,60.0
1531,153.80413250000004,152.948481524,1.0,1.0,175.0,,,,,,153.80413250000004,154.60123283333337,67.0,100.0,43.0,153.60123423333334,154.73710220833337,59.0,57.0,482.0,152.948482,154.68761,E:min,60.0
1532,153.81804552399998,153.81804552399998,0.0,0.0,176.0,,,,,,153.80413250000004,154.60123283333337,67.0,100.0,43.0,153.60123423333334,154.73710220833337,59.0,57.0,482.0,152.948482,154.68761,E:min,60.0
1533,153.81862523333336,153.81804552399998,0.0,0.0,176.0,,,,,,153.80413250000004,154.60123283333337,67.0,100.0,43.0,153.81862523333336,154.68818923333336,67.0,81.0,483.0,152.948482,154.68761,E:min,60.0
1534,153.99797280833334,153.81804552399998,0.0,0.0,176.0,,,,,,153.80413250000004,154.60123283333337,67.0,100.0,43.0,153.81862523333336,154.68818923333336,67.0,81.0,483.0,152.948482,154.68761,E:min,60.0
1535,154.05050896666668,153.81804552399998,0.0,0.0,176.0,,,,,,153.80413250000004,154.60123283333337,67.0,100.0,43.0,153.81862523333336,154.68818923333336,67.0,81.0,483.0,152.948482,154.68761,E:min,60.0
1536,154.25340723333335,153.81804552399998,0.0,0.0,176.0,,,,,,153.80413250000004,154.60123283333337,67.0,100.0,43.0,154.25340723333335,154.6972471916667,64.0,58.0,484.0,152.948482,154.68761,E:min,60.0
1537,154.34036363333337,153.81804552399998,0.0,0.0,176.0,,,,,,153.80413250000004,154.60123283333337,67.0,100.0,43.0,154.25340723333335,154.6972471916667,64.0,58.0,484.0,152.948482,154.68761,E:min,60.0
1538,154.60123283333337,153.81804552399998,0.0,0.0,176.0,,,,,,153.80413250000004,154.60123283333337,67.0,100.0,43.0,154.25340723333335,154.6972471916667,64.0,58.0,484.0,152.948482,154.68761,E:min,60.0
1539,154.6265951166667,153.81804552399998,0.0,0.0,176.0,,,,,,154.6265951166667,155.55775323333336,66.0,93.0,44.0,154.25340723333335,154.6972471916667,64.0,58.0,484.0,152.948482,154.68761,E:min,60.0
1540,154.68760952399998,154.68760952399998,1.0,0.0,177.0,,,,,,154.6265951166667,155.55775323333336,66.0,93.0,44.0,154.25340723333335,154.6972471916667,64.0,58.0,484.0,152.948482,154.68761,E:min,60.0
1541,154.68761,154.68760952399998,1.0,0.0,177.0,,,,,,154.6265951166667,155.55775323333336,66.0,93.0,44.0,154.25340723333335,154.6972471916667,64.0,58.0,484.0,154.68761,156.426738,A:maj,61.0
1542,154.68818923333336,154.68760952399998,1.0,0.0,177.0,,,,,,154.6265951166667,155.55775323333336,66.0,93.0,44.0,154.68818923333336,155.7823906,45.0,77.0,485.0,154.68761,156.426738,A:maj,61.0
1543,154.6972471916667,154.68760952399998,1.0,0.0,177.0,,,,,,154.6265951166667,155.55775323333336,66.0,93.0,44.0,154.68818923333336,155.7823906,45.0,77.0,485.0,154.68761,156.426738,A:maj,61.0
1544,154.73710220833337,154.68760952399998,1.0,0.0,177.0,,,,,,154.6265951166667,155.55775323333336,66.0,93.0,44.0,154.68818923333336,155.7823906,45.0,77.0,485.0,154.68761,156.426738,A:maj,61.0
1545,155.12297123333337,154.68760952399998,1.0,0.0,177.0,,,,,,154.6265951166667,155.55775323333336,66.0,93.0,44.0,155.12297123333337,155.6863762416667,52.0,55.0,486.0,154.68761,156.426738,A:maj,61.0
1546,155.557173524,155.557173524,0.0,0.0,178.0,,,,,,154.6265951166667,155.55775323333336,66.0,93.0,44.0,155.12297123333337,155.6863762416667,52.0,55.0,486.0,154.68761,156.426738,A:maj,61.0
1547,155.55775323333336,155.557173524,0.0,0.0,178.0,,,,,,155.55775323333336,156.3276796916667,64.0,82.0,45.0,155.55775323333336,156.2570276166667,61.0,86.0,487.0,154.68761,156.426738,A:maj,61.0
1548,155.6863762416667,155.557173524,0.0,0.0,178.0,,,,,,155.55775323333336,156.3276796916667,64.0,82.0,45.0,155.55775323333336,156.2570276166667,61.0,86.0,487.0,154.68761,156.426738,A:maj,61.0
1549,155.7823906,155.557173524,0.0,0.0,178.0,,,,,,155.55775323333336,156.3276796916667,64.0,82.0,45.0,155.55775323333336,156.2570276166667,61.0,86.0,487.0,154.68761,156.426738,A:maj,61.0
1550,155.99253523333337,155.557173524,0.0,0.0,178.0,,,,,,155.55775323333336,156.3276796916667,64.0,82.0,45.0,155.99253523333337,156.61753435833336,57.0,65.0,488.0,154.68761,156.426738,A:maj,61.0
1551,156.2570276166667,155.557173524,0.0,0.0,178.0,,,,,,155.55775323333336,156.3276796916667,64.0,82.0,45.0,155.99253523333337,156.61753435833336,57.0,65.0,488.0,154.68761,156.426738,A:maj,61.0
1552,156.3276796916667,155.557173524,0.0,0.0,178.0,,,,,,155.55775323333336,156.3276796916667,64.0,82.0,45.0,155.99253523333337,156.61753435833336,57.0,65.0,488.0,154.68761,156.426738,A:maj,61.0
1553,156.426737524,156.426737524,1.0,1.0,179.0,,,,,,,,,,,155.99253523333337,156.61753435833336,57.0,65.0,488.0,154.68761,156.426738,A:maj,61.0
1554,156.426738,156.426737524,1.0,1.0,179.0,,,,,,,,,,,155.99253523333337,156.61753435833336,57.0,65.0,488.0,156.426738,159.904994,D:maj,62.0
1555,156.42731723333335,156.426737524,1.0,1.0,179.0,,,,,,,,,,,156.42731723333335,158.06861928333336,38.0,67.0,489.0,156.426738,159.904994,D:maj,62.0
1556,156.61753435833336,156.426737524,1.0,1.0,179.0,,,,,,,,,,,156.42731723333335,158.06861928333336,38.0,67.0,489.0,156.426738,159.904994,D:maj,62.0
1557,156.86209923333337,156.426737524,1.0,1.0,179.0,,,,,,,,,,,156.86209923333337,158.2389089,45.0,40.0,490.0,156.426738,159.904994,D:maj,62.0
1558,157.296301524,157.296301524,0.0,0.0,180.0,,,,,,,,,,,156.86209923333337,158.2389089,45.0,40.0,490.0,156.426738,159.904994,D:maj,62.0
1559,157.29688123333335,157.296301524,0.0,0.0,180.0,,,,,,,,,,,157.29688123333335,158.84760370000004,66.0,83.0,491.0,156.426738,159.904994,D:maj,62.0
1560,157.29688123333335,157.296301524,0.0,0.0,180.0,,,,,,,,,,,157.29688123333335,158.6646329416667,50.0,45.0,492.0,156.426738,159.904994,D:maj,62.0
1561,157.29688123333335,157.296301524,0.0,0.0,180.0,,,,,,,,,,,157.29688123333335,158.8439805166667,62.0,69.0,493.0,156.426738,159.904994,D:maj,62.0
1562,157.73166323333336,157.296301524,0.0,0.0,180.0,,,,,,,,,,,157.73166323333336,159.9309355166667,57.0,51.0,494.0,156.426738,159.904994,D:maj,62.0
1563,158.06861928333336,157.296301524,0.0,0.0,180.0,,,,,,,,,,,157.73166323333336,159.9309355166667,57.0,51.0,494.0,156.426738,159.904994,D:maj,62.0
1564,158.15557568333335,157.296301524,0.0,0.0,180.0,,,,,,158.15557568333335,158.4091985166667,67.0,100.0,46.0,157.73166323333336,159.9309355166667,57.0,51.0,494.0,156.426738,159.904994,D:maj,62.0
1565,158.165865524,158.165865524,1.0,0.0,181.0,,,,,,158.15557568333335,158.4091985166667,67.0,100.0,46.0,157.73166323333336,159.9309355166667,57.0,51.0,494.0,156.426738,159.904994,D:maj,62.0
1566,158.16644523333335,158.165865524,1.0,0.0,181.0,,,,,,158.15557568333335,158.4091985166667,67.0,100.0,46.0,158.16644523333335,159.75702271666668,38.0,69.0,495.0,156.426738,159.904994,D:maj,62.0
1567,158.2389089,158.165865524,1.0,0.0,181.0,,,,,,158.15557568333335,158.4091985166667,67.0,100.0,46.0,158.16644523333335,159.75702271666668,38.0,69.0,495.0,156.426738,159.904994,D:maj,62.0
1568,158.4091985166667,158.165865524,1.0,0.0,181.0,,,,,,158.15557568333335,158.4091985166667,67.0,100.0,46.0,158.16644523333335,159.75702271666668,38.0,69.0,495.0,156.426738,159.904994,D:maj,62.0
1569,158.47622740833336,158.165865524,1.0,0.0,181.0,,,,,,158.47622740833336,158.75521252500002,66.0,99.0,47.0,158.16644523333335,159.75702271666668,38.0,69.0,495.0,156.426738,159.904994,D:maj,62.0
1570,158.60122723333336,158.165865524,1.0,0.0,181.0,,,,,,158.47622740833336,158.75521252500002,66.0,99.0,47.0,158.60122723333336,159.88383413333335,45.0,53.0,496.0,156.426738,159.904994,D:maj,62.0
1571,158.6646329416667,158.165865524,1.0,0.0,181.0,,,,,,158.47622740833336,158.75521252500002,66.0,99.0,47.0,158.60122723333336,159.88383413333335,45.0,53.0,496.0,156.426738,159.904994,D:maj,62.0
1572,158.75521252500002,158.165865524,1.0,0.0,181.0,,,,,,158.47622740833336,158.75521252500002,66.0,99.0,47.0,158.60122723333336,159.88383413333335,45.0,53.0,496.0,156.426738,159.904994,D:maj,62.0
1573,158.76245889166668,158.165865524,1.0,0.0,181.0,,,,,,158.76245889166668,158.9363716916667,64.0,75.0,48.0,158.60122723333336,159.88383413333335,45.0,53.0,496.0,156.426738,159.904994,D:maj,62.0
1574,158.8439805166667,158.165865524,1.0,0.0,181.0,,,,,,158.76245889166668,158.9363716916667,64.0,75.0,48.0,158.60122723333336,159.88383413333335,45.0,53.0,496.0,156.426738,159.904994,D:maj,62.0
1575,158.84760370000004,158.165865524,1.0,0.0,181.0,,,,,,158.76245889166668,158.9363716916667,64.0,75.0,48.0,158.60122723333336,159.88383413333335,45.0,53.0,496.0,156.426738,159.904994,D:maj,62.0
1576,158.9363716916667,158.165865524,1.0,0.0,181.0,,,,,,158.76245889166668,158.9363716916667,64.0,75.0,48.0,158.60122723333336,159.88383413333335,45.0,53.0,496.0,156.426738,159.904994,D:maj,62.0
1577,159.035429524,159.035429524,0.0,0.0,182.0,,,,,,,,,,,158.60122723333336,159.88383413333335,45.0,53.0,496.0,156.426738,159.904994,D:maj,62.0
1578,159.03600923333337,159.035429524,0.0,0.0,182.0,,,,,,,,,,,159.03600923333337,159.43999417500004,50.0,69.0,497.0,156.426738,159.904994,D:maj,62.0
1579,159.03600923333337,159.035429524,0.0,0.0,182.0,,,,,,,,,,,159.03600923333337,159.9798484916667,66.0,100.0,498.0,156.426738,159.904994,D:maj,62.0
1580,159.05412515000003,159.035429524,0.0,0.0,182.0,,,,,,159.05412515000003,159.4635448666667,64.0,93.0,49.0,159.03600923333337,159.9798484916667,66.0,100.0,498.0,156.426738,159.904994,D:maj,62.0
1581,159.43999417500004,159.035429524,0.0,0.0,182.0,,,,,,159.05412515000003,159.4635448666667,64.0,93.0,49.0,159.03600923333337,159.9798484916667,66.0,100.0,498.0,156.426738,159.904994,D:maj,62.0
1582,159.4635448666667,159.035429524,0.0,0.0,182.0,,,,,,159.05412515000003,159.4635448666667,64.0,93.0,49.0,159.03600923333337,159.9798484916667,66.0,100.0,498.0,156.426738,159.904994,D:maj,62.0
1583,159.47079123333336,159.035429524,0.0,0.0,182.0,,,,,,,,,,,159.47079123333336,159.93999347500002,62.0,59.0,499.0,156.426738,159.904994,D:maj,62.0
1584,159.68274745833335,159.035429524,0.0,0.0,182.0,,,,,,159.68274745833335,159.88745731666668,64.0,86.0,50.0,159.47079123333336,159.93999347500002,62.0,59.0,499.0,156.426738,159.904994,D:maj,62.0
1585,159.75702271666668,159.035429524,0.0,0.0,182.0,,,,,,159.68274745833335,159.88745731666668,64.0,86.0,50.0,159.47079123333336,159.93999347500002,62.0,59.0,499.0,156.426738,159.904994,D:maj,62.0
1586,159.88383413333335,159.035429524,0.0,0.0,182.0,,,,,,159.68274745833335,159.88745731666668,64.0,86.0,50.0,159.47079123333336,159.93999347500002,62.0,59.0,499.0,156.426738,159.904994,D:maj,62.0
1587,159.88745731666668,159.035429524,0.0,0.0,182.0,,,,,,159.68274745833335,159.88745731666668,64.0,86.0,50.0,159.47079123333336,159.93999347500002,62.0,59.0,499.0,156.426738,159.904994,D:maj,62.0
1588,159.904993524,159.904993524,1.0,1.0,183.0,,,,,,,,,,,159.47079123333336,159.93999347500002,62.0,59.0,499.0,156.426738,159.904994,D:maj,62.0
1589,159.904994,159.904993524,1.0,1.0,183.0,,,,,,,,,,,159.47079123333336,159.93999347500002,62.0,59.0,499.0,159.904994,161.644122,E:min,63.0
1590,159.90557323333337,159.904993524,1.0,1.0,183.0,,,,,,,,,,,159.90557323333337,161.11752805833336,40.0,78.0,500.0,159.904994,161.644122,E:min,63.0
1591,159.9309355166667,159.904993524,1.0,1.0,183.0,,,,,,,,,,,159.90557323333337,161.11752805833336,40.0,78.0,500.0,159.904994,161.644122,E:min,63.0
1592,159.93999347500002,159.904993524,1.0,1.0,183.0,,,,,,,,,,,159.90557323333337,161.11752805833336,40.0,78.0,500.0,159.904994,161.644122,E:min,63.0
1593,159.9798484916667,159.904993524,1.0,1.0,183.0,,,,,,,,,,,159.90557323333337,161.11752805833336,40.0,78.0,500.0,159.904994,161.644122,E:min,63.0
1594,160.34035523333336,159.904993524,1.0,1.0,183.0,,,,,,,,,,,160.34035523333336,161.1211512416667,47.0,56.0,501.0,159.904994,161.644122,E:min,63.0
1595,160.74615176666669,159.904993524,1.0,1.0,183.0,,,,,,160.74615176666669,161.56317960833337,67.0,107.0,51.0,160.34035523333336,161.1211512416667,47.0,56.0,501.0,159.904994,161.644122,E:min,63.0
1596,160.774557524,160.774557524,0.0,0.0,184.0,,,,,,160.74615176666669,161.56317960833337,67.0,107.0,51.0,160.34035523333336,161.1211512416667,47.0,56.0,501.0,159.904994,161.644122,E:min,63.0
1597,160.77513723333337,160.774557524,0.0,0.0,184.0,,,,,,160.74615176666669,161.56317960833337,67.0,107.0,51.0,160.77513723333337,161.66825192500002,67.0,67.0,502.0,159.904994,161.644122,E:min,63.0
1598,160.77513723333337,160.774557524,0.0,0.0,184.0,,,,,,160.74615176666669,161.56317960833337,67.0,107.0,51.0,160.77513723333337,161.69180261666668,64.0,69.0,503.0,159.904994,161.644122,E:min,63.0
1599,160.77513723333337,160.774557524,0.0,0.0,184.0,,,,,,160.74615176666669,161.56317960833337,67.0,107.0,51.0,160.77513723333337,161.5015854916667,52.0,65.0,504.0,159.904994,161.644122,E:min,63.0
1600,161.11752805833336,160.774557524,0.0,0.0,184.0,,,,,,160.74615176666669,161.56317960833337,67.0,107.0,51.0,160.77513723333337,161.5015854916667,52.0,65.0,504.0,159.904994,161.644122,E:min,63.0
1601,161.1211512416667,160.774557524,0.0,0.0,184.0,,,,,,160.74615176666669,161.56317960833337,67.0,107.0,51.0,160.77513723333337,161.5015854916667,52.0,65.0,504.0,159.904994,161.644122,E:min,63.0
1602,161.20991923333335,160.774557524,0.0,0.0,184.0,,,,,,160.74615176666669,161.56317960833337,67.0,107.0,51.0,161.20991923333335,161.6972373916667,59.0,66.0,505.0,159.904994,161.644122,E:min,63.0
1603,161.5015854916667,160.774557524,0.0,0.0,184.0,,,,,,160.74615176666669,161.56317960833337,67.0,107.0,51.0,161.20991923333335,161.6972373916667,59.0,66.0,505.0,159.904994,161.644122,E:min,63.0
1604,161.56317960833337,160.774557524,0.0,0.0,184.0,,,,,,160.74615176666669,161.56317960833337,67.0,107.0,51.0,161.20991923333335,161.6972373916667,59.0,66.0,505.0,159.904994,161.644122,E:min,63.0
1605,161.61752735833335,160.774557524,0.0,0.0,184.0,,,,,,161.61752735833335,162.48527976666668,66.0,102.0,52.0,161.20991923333335,161.6972373916667,59.0,66.0,505.0,159.904994,161.644122,E:min,63.0
1606,161.64412152399998,161.64412152399998,1.0,0.0,185.0,,,,,,161.61752735833335,162.48527976666668,66.0,102.0,52.0,161.20991923333335,161.6972373916667,59.0,66.0,505.0,159.904994,161.644122,E:min,63.0
1607,161.644122,161.64412152399998,1.0,0.0,185.0,,,,,,161.61752735833335,162.48527976666668,66.0,102.0,52.0,161.20991923333335,161.6972373916667,59.0,66.0,505.0,161.644122,163.38325,A:maj,64.0
1608,161.64470123333336,161.64412152399998,1.0,0.0,185.0,,,,,,161.61752735833335,162.48527976666668,66.0,102.0,52.0,161.64470123333336,162.6972359916667,45.0,77.0,506.0,161.644122,163.38325,A:maj,64.0
1609,161.66825192500002,161.64412152399998,1.0,0.0,185.0,,,,,,161.61752735833335,162.48527976666668,66.0,102.0,52.0,161.64470123333336,162.6972359916667,45.0,77.0,506.0,161.644122,163.38325,A:maj,64.0
1610,161.69180261666668,161.64412152399998,1.0,0.0,185.0,,,,,,161.61752735833335,162.48527976666668,66.0,102.0,52.0,161.64470123333336,162.6972359916667,45.0,77.0,506.0,161.644122,163.38325,A:maj,64.0
1611,161.6972373916667,161.64412152399998,1.0,0.0,185.0,,,,,,161.61752735833335,162.48527976666668,66.0,102.0,52.0,161.64470123333336,162.6972359916667,45.0,77.0,506.0,161.644122,163.38325,A:maj,64.0
1612,162.07948323333335,161.64412152399998,1.0,0.0,185.0,,,,,,161.61752735833335,162.48527976666668,66.0,102.0,52.0,162.07948323333335,162.66643893333335,52.0,66.0,507.0,161.644122,163.38325,A:maj,64.0
1613,162.48527976666668,161.64412152399998,1.0,0.0,185.0,,,,,,161.61752735833335,162.48527976666668,66.0,102.0,52.0,162.07948323333335,162.66643893333335,52.0,66.0,507.0,161.644122,163.38325,A:maj,64.0
1614,162.48709135833334,161.64412152399998,1.0,0.0,185.0,,,,,,162.48709135833334,163.2515830416667,64.0,90.0,53.0,162.07948323333335,162.66643893333335,52.0,66.0,507.0,161.644122,163.38325,A:maj,64.0
1615,162.51368552399998,162.51368552399998,0.0,0.0,186.0,,,,,,162.48709135833334,163.2515830416667,64.0,90.0,53.0,162.07948323333335,162.66643893333335,52.0,66.0,507.0,161.644122,163.38325,A:maj,64.0
1616,162.51426523333336,162.51368552399998,0.0,0.0,186.0,,,,,,162.48709135833334,163.2515830416667,64.0,90.0,53.0,162.51426523333336,163.342162625,64.0,69.0,508.0,161.644122,163.38325,A:maj,64.0
1617,162.51426523333336,162.51368552399998,0.0,0.0,186.0,,,,,,162.48709135833334,163.2515830416667,64.0,90.0,53.0,162.51426523333336,163.4526697166667,61.0,88.0,509.0,161.644122,163.38325,A:maj,64.0
1618,162.66643893333335,162.51368552399998,0.0,0.0,186.0,,,,,,162.48709135833334,163.2515830416667,64.0,90.0,53.0,162.51426523333336,163.4526697166667,61.0,88.0,509.0,161.644122,163.38325,A:maj,64.0
1619,162.6972359916667,162.51368552399998,0.0,0.0,186.0,,,,,,162.48709135833334,163.2515830416667,64.0,90.0,53.0,162.51426523333336,163.4526697166667,61.0,88.0,509.0,161.644122,163.38325,A:maj,64.0
1620,162.94904723333337,162.51368552399998,0.0,0.0,186.0,,,,,,162.48709135833334,163.2515830416667,64.0,90.0,53.0,162.94904723333337,163.41643788333337,57.0,66.0,510.0,161.644122,163.38325,A:maj,64.0
1621,163.2515830416667,162.51368552399998,0.0,0.0,186.0,,,,,,162.48709135833334,163.2515830416667,64.0,90.0,53.0,162.94904723333337,163.41643788333337,57.0,66.0,510.0,161.644122,163.38325,A:maj,64.0
1622,163.342162625,162.51368552399998,0.0,0.0,186.0,,,,,,,,,,,162.94904723333337,163.41643788333337,57.0,66.0,510.0,161.644122,163.38325,A:maj,64.0
1623,163.383249524,163.383249524,1.0,1.0,187.0,,,,,,,,,,,162.94904723333337,163.41643788333337,57.0,66.0,510.0,161.644122,163.38325,A:maj,64.0
1624,163.38325,163.383249524,1.0,1.0,187.0,,,,,,,,,,,162.94904723333337,163.41643788333337,57.0,66.0,510.0,163.38325,165.122378,F#:min,65.0
1625,163.38382923333336,163.383249524,1.0,1.0,187.0,,,,,,,,,,,163.38382923333336,164.61389997500004,42.0,83.0,511.0,163.38325,165.122378,F#:min,65.0
1626,163.41643788333337,163.383249524,1.0,1.0,187.0,,,,,,,,,,,163.38382923333336,164.61389997500004,42.0,83.0,511.0,163.38325,165.122378,F#:min,65.0
1627,163.4526697166667,163.383249524,1.0,1.0,187.0,,,,,,,,,,,163.38382923333336,164.61389997500004,42.0,83.0,511.0,163.38325,165.122378,F#:min,65.0
1628,163.81861123333337,163.383249524,1.0,1.0,187.0,,,,,,,,,,,163.81861123333337,164.54687108333337,49.0,63.0,512.0,163.38325,165.122378,F#:min,65.0
1629,164.2298425416667,163.383249524,1.0,1.0,187.0,,,,,,164.2298425416667,164.93817488333335,69.0,107.0,54.0,163.81861123333337,164.54687108333337,49.0,63.0,512.0,163.38325,165.122378,F#:min,65.0
1630,164.252813524,164.252813524,0.0,0.0,188.0,,,,,,164.2298425416667,164.93817488333335,69.0,107.0,54.0,163.81861123333337,164.54687108333337,49.0,63.0,512.0,163.38325,165.122378,F#:min,65.0
1631,164.25339323333336,164.252813524,0.0,0.0,188.0,,,,,,164.2298425416667,164.93817488333335,69.0,107.0,54.0,164.25339323333336,165.20629045,66.0,39.0,513.0,163.38325,165.122378,F#:min,65.0
1632,164.25339323333336,164.252813524,0.0,0.0,188.0,,,,,,164.2298425416667,164.93817488333335,69.0,107.0,54.0,164.25339323333336,164.71716070000002,54.0,58.0,514.0,163.38325,165.122378,F#:min,65.0
1633,164.25339323333336,164.252813524,0.0,0.0,188.0,,,,,,164.2298425416667,164.93817488333335,69.0,107.0,54.0,164.25339323333336,165.19723249166668,61.0,82.0,515.0,163.38325,165.122378,F#:min,65.0
1634,164.54687108333337,164.252813524,0.0,0.0,188.0,,,,,,164.2298425416667,164.93817488333335,69.0,107.0,54.0,164.25339323333336,165.19723249166668,61.0,82.0,515.0,163.38325,165.122378,F#:min,65.0
1635,164.61389997500004,164.252813524,0.0,0.0,188.0,,,,,,164.2298425416667,164.93817488333335,69.0,107.0,54.0,164.25339323333336,165.19723249166668,61.0,82.0,515.0,163.38325,165.122378,F#:min,65.0
1636,164.68817523333337,164.252813524,0.0,0.0,188.0,,,,,,164.2298425416667,164.93817488333335,69.0,107.0,54.0,164.68817523333337,165.1483195166667,57.0,56.0,516.0,163.38325,165.122378,F#:min,65.0
1637,164.71716070000002,164.252813524,0.0,0.0,188.0,,,,,,164.2298425416667,164.93817488333335,69.0,107.0,54.0,164.68817523333337,165.1483195166667,57.0,56.0,516.0,163.38325,165.122378,F#:min,65.0
1638,164.93817488333335,164.252813524,0.0,0.0,188.0,,,,,,164.2298425416667,164.93817488333335,69.0,107.0,54.0,164.68817523333337,165.1483195166667,57.0,56.0,516.0,163.38325,165.122378,F#:min,65.0
1639,165.11389927500002,164.252813524,0.0,0.0,188.0,,,,,,165.11389927500002,165.95991258333336,67.0,97.0,55.0,164.68817523333337,165.1483195166667,57.0,56.0,516.0,163.38325,165.122378,F#:min,65.0
1640,165.122377524,165.122377524,1.0,0.0,189.0,,,,,,165.11389927500002,165.95991258333336,67.0,97.0,55.0,164.68817523333337,165.1483195166667,57.0,56.0,516.0,163.38325,165.122378,F#:min,65.0
1641,165.122378,165.122377524,1.0,0.0,189.0,,,,,,165.11389927500002,165.95991258333336,67.0,97.0,55.0,164.68817523333337,165.1483195166667,57.0,56.0,516.0,165.122378,166.861506,B:maj,66.0
1642,165.12295723333335,165.122377524,1.0,0.0,189.0,,,,,,165.11389927500002,165.95991258333336,67.0,97.0,55.0,165.12295723333335,166.21715860000003,47.0,66.0,517.0,165.122378,166.861506,B:maj,66.0
1643,165.1483195166667,165.122377524,1.0,0.0,189.0,,,,,,165.11389927500002,165.95991258333336,67.0,97.0,55.0,165.12295723333335,166.21715860000003,47.0,66.0,517.0,165.122378,166.861506,B:maj,66.0
1644,165.19723249166668,165.122377524,1.0,0.0,189.0,,,,,,165.11389927500002,165.95991258333336,67.0,97.0,55.0,165.12295723333335,166.21715860000003,47.0,66.0,517.0,165.122378,166.861506,B:maj,66.0
1645,165.20629045,165.122377524,1.0,0.0,189.0,,,,,,165.11389927500002,165.95991258333336,67.0,97.0,55.0,165.12295723333335,166.21715860000003,47.0,66.0,517.0,165.122378,166.861506,B:maj,66.0
1646,165.55773923333336,165.122377524,1.0,0.0,189.0,,,,,,165.11389927500002,165.95991258333336,67.0,97.0,55.0,165.55773923333336,166.07404285833337,54.0,53.0,518.0,165.122378,166.861506,B:maj,66.0
1647,165.95991258333336,165.122377524,1.0,0.0,189.0,,,,,,165.11389927500002,165.95991258333336,67.0,97.0,55.0,165.55773923333336,166.07404285833337,54.0,53.0,518.0,165.122378,166.861506,B:maj,66.0
1648,165.9689705416667,165.122377524,1.0,0.0,189.0,,,,,,165.9689705416667,166.93454890000004,66.0,93.0,56.0,165.55773923333336,166.07404285833337,54.0,53.0,518.0,165.122378,166.861506,B:maj,66.0
1649,165.991941524,165.991941524,0.0,0.0,190.0,,,,,,165.9689705416667,166.93454890000004,66.0,93.0,56.0,165.55773923333336,166.07404285833337,54.0,53.0,518.0,165.122378,166.861506,B:maj,66.0
1650,165.99252123333335,165.991941524,0.0,0.0,190.0,,,,,,165.9689705416667,166.93454890000004,66.0,93.0,56.0,165.99252123333335,166.91099820833335,63.0,78.0,519.0,165.122378,166.861506,B:maj,66.0
1651,166.07404285833337,165.991941524,0.0,0.0,190.0,,,,,,165.9689705416667,166.93454890000004,66.0,93.0,56.0,165.99252123333335,166.91099820833335,63.0,78.0,519.0,165.122378,166.861506,B:maj,66.0
1652,166.21715860000003,165.991941524,0.0,0.0,190.0,,,,,,165.9689705416667,166.93454890000004,66.0,93.0,56.0,165.99252123333335,166.91099820833335,63.0,78.0,519.0,165.122378,166.861506,B:maj,66.0
1653,166.42730323333336,165.991941524,0.0,0.0,190.0,,,,,,165.9689705416667,166.93454890000004,66.0,93.0,56.0,166.42730323333336,166.95447640833336,66.0,55.0,520.0,165.122378,166.861506,B:maj,66.0
1654,166.42730323333336,165.991941524,0.0,0.0,190.0,,,,,,165.9689705416667,166.93454890000004,66.0,93.0,56.0,166.42730323333336,167.04143280833335,59.0,73.0,521.0,165.122378,166.861506,B:maj,66.0
1655,166.861505524,166.861505524,1.0,1.0,191.0,,,,,,165.9689705416667,166.93454890000004,66.0,93.0,56.0,166.42730323333336,167.04143280833335,59.0,73.0,521.0,165.122378,166.861506,B:maj,66.0
1656,166.861506,166.861505524,1.0,1.0,191.0,,,,,,165.9689705416667,166.93454890000004,66.0,93.0,56.0,166.42730323333336,167.04143280833335,59.0,73.0,521.0,166.861506,168.600634,E:min,67.0
1657,166.86208523333335,166.861505524,1.0,1.0,191.0,,,,,,165.9689705416667,166.93454890000004,66.0,93.0,56.0,166.86208523333335,167.99433002500004,40.0,63.0,522.0,166.861506,168.600634,E:min,67.0
1658,166.91099820833335,166.861505524,1.0,1.0,191.0,,,,,,165.9689705416667,166.93454890000004,66.0,93.0,56.0,166.86208523333335,167.99433002500004,40.0,63.0,522.0,166.861506,168.600634,E:min,67.0
1659,166.93454890000004,166.861505524,1.0,1.0,191.0,,,,,,165.9689705416667,166.93454890000004,66.0,93.0,56.0,166.86208523333335,167.99433002500004,40.0,63.0,522.0,166.861506,168.600634,E:min,67.0
1660,166.95447640833336,166.861505524,1.0,1.0,191.0,,,,,,,,,,,166.86208523333335,167.99433002500004,40.0,63.0,522.0,166.861506,168.600634,E:min,67.0
1661,167.04143280833335,166.861505524,1.0,1.0,191.0,,,,,,,,,,,166.86208523333335,167.99433002500004,40.0,63.0,522.0,166.861506,168.600634,E:min,67.0
1662,167.29686723333336,166.861505524,1.0,1.0,191.0,,,,,,,,,,,167.29686723333336,168.01063435000003,47.0,53.0,523.0,166.861506,168.600634,E:min,67.0
1663,167.69904058333336,166.861505524,1.0,1.0,191.0,,,,,,167.69904058333336,168.38019905000002,67.0,107.0,57.0,167.29686723333336,168.01063435000003,47.0,53.0,523.0,166.861506,168.600634,E:min,67.0
1664,167.731069524,167.731069524,0.0,0.0,192.0,,,,,,167.69904058333336,168.38019905000002,67.0,107.0,57.0,167.29686723333336,168.01063435000003,47.0,53.0,523.0,166.861506,168.600634,E:min,67.0
1665,167.73164923333337,167.731069524,0.0,0.0,192.0,,,,,,167.69904058333336,168.38019905000002,67.0,107.0,57.0,167.73164923333337,168.4254888416667,52.0,52.0,524.0,166.861506,168.600634,E:min,67.0
1666,167.73164923333337,167.731069524,0.0,0.0,192.0,,,,,,167.69904058333336,168.38019905000002,67.0,107.0,57.0,167.73164923333337,168.5867205,64.0,66.0,525.0,166.861506,168.600634,E:min,67.0
1667,167.73164923333337,167.731069524,0.0,0.0,192.0,,,,,,167.69904058333336,168.38019905000002,67.0,107.0,57.0,167.73164923333337,168.5867205,67.0,64.0,526.0,166.861506,168.600634,E:min,67.0
1668,167.99433002500004,167.731069524,0.0,0.0,192.0,,,,,,167.69904058333336,168.38019905000002,67.0,107.0,57.0,167.73164923333337,168.5867205,67.0,64.0,526.0,166.861506,168.600634,E:min,67.0
1669,168.01063435000003,167.731069524,0.0,0.0,192.0,,,,,,167.69904058333336,168.38019905000002,67.0,107.0,57.0,167.73164923333337,168.5867205,67.0,64.0,526.0,166.861506,168.600634,E:min,67.0
1670,168.16643123333336,167.731069524,0.0,0.0,192.0,,,,,,167.69904058333336,168.38019905000002,67.0,107.0,57.0,168.16643123333336,168.66824212500003,59.0,63.0,527.0,166.861506,168.600634,E:min,67.0
1671,168.38019905000002,167.731069524,0.0,0.0,192.0,,,,,,167.69904058333336,168.38019905000002,67.0,107.0,57.0,168.16643123333336,168.66824212500003,59.0,63.0,527.0,166.861506,168.600634,E:min,67.0
1672,168.4254888416667,167.731069524,0.0,0.0,192.0,,,,,,,,,,,168.16643123333336,168.66824212500003,59.0,63.0,527.0,166.861506,168.600634,E:min,67.0
1673,168.55411185000003,167.731069524,0.0,0.0,192.0,,,,,,168.55411185000003,169.43635699166668,66.0,100.0,58.0,168.16643123333336,168.66824212500003,59.0,63.0,527.0,166.861506,168.600634,E:min,67.0
1674,168.5867205,167.731069524,0.0,0.0,192.0,,,,,,168.55411185000003,169.43635699166668,66.0,100.0,58.0,168.16643123333336,168.66824212500003,59.0,63.0,527.0,166.861506,168.600634,E:min,67.0
1675,168.600633524,168.600633524,1.0,0.0,193.0,,,,,,168.55411185000003,169.43635699166668,66.0,100.0,58.0,168.16643123333336,168.66824212500003,59.0,63.0,527.0,166.861506,168.600634,E:min,67.0
1676,168.600634,168.600633524,1.0,0.0,193.0,,,,,,168.55411185000003,169.43635699166668,66.0,100.0,58.0,168.16643123333336,168.66824212500003,59.0,63.0,527.0,168.600634,170.339762,A:maj,68.0
1677,168.60121323333337,168.600633524,1.0,0.0,193.0,,,,,,168.55411185000003,169.43635699166668,66.0,100.0,58.0,168.60121323333337,169.68997982500002,45.0,72.0,528.0,168.600634,170.339762,A:maj,68.0
1678,168.66824212500003,168.600633524,1.0,0.0,193.0,,,,,,168.55411185000003,169.43635699166668,66.0,100.0,58.0,168.60121323333337,169.68997982500002,45.0,72.0,528.0,168.600634,170.339762,A:maj,68.0
1679,169.03599523333335,168.600633524,1.0,0.0,193.0,,,,,,168.55411185000003,169.43635699166668,66.0,100.0,58.0,169.03599523333335,169.57947273333335,52.0,62.0,529.0,168.600634,170.339762,A:maj,68.0
1680,169.43635699166668,168.600633524,1.0,0.0,193.0,,,,,,168.55411185000003,169.43635699166668,66.0,100.0,58.0,169.03599523333335,169.57947273333335,52.0,62.0,529.0,168.600634,170.339762,A:maj,68.0
1681,169.44903813333335,168.600633524,1.0,0.0,193.0,,,,,,169.44903813333335,170.33128327500003,64.0,90.0,59.0,169.03599523333335,169.57947273333335,52.0,62.0,529.0,168.600634,170.339762,A:maj,68.0
1682,169.470197524,169.470197524,0.0,0.0,194.0,,,,,,169.44903813333335,170.33128327500003,64.0,90.0,59.0,169.03599523333335,169.57947273333335,52.0,62.0,529.0,168.600634,170.339762,A:maj,68.0
1683,169.47077723333337,169.470197524,0.0,0.0,194.0,,,,,,169.44903813333335,170.33128327500003,64.0,90.0,59.0,169.47077723333337,170.33671805000003,61.0,79.0,530.0,168.600634,170.339762,A:maj,68.0
1684,169.47077723333337,169.470197524,0.0,0.0,194.0,,,,,,169.44903813333335,170.33128327500003,64.0,90.0,59.0,169.47077723333337,170.36389192500002,64.0,60.0,531.0,168.600634,170.339762,A:maj,68.0
1685,169.57947273333335,169.470197524,0.0,0.0,194.0,,,,,,169.44903813333335,170.33128327500003,64.0,90.0,59.0,169.47077723333337,170.36389192500002,64.0,60.0,531.0,168.600634,170.339762,A:maj,68.0
1686,169.68997982500002,169.470197524,0.0,0.0,194.0,,,,,,169.44903813333335,170.33128327500003,64.0,90.0,59.0,169.47077723333337,170.36389192500002,64.0,60.0,531.0,168.600634,170.339762,A:maj,68.0
1687,169.90555923333335,169.470197524,0.0,0.0,194.0,,,,,,169.44903813333335,170.33128327500003,64.0,90.0,59.0,169.90555923333335,170.36751510833335,57.0,66.0,532.0,168.600634,170.339762,A:maj,68.0
1688,170.33128327500003,169.470197524,0.0,0.0,194.0,,,,,,169.44903813333335,170.33128327500003,64.0,90.0,59.0,169.90555923333335,170.36751510833335,57.0,66.0,532.0,168.600634,170.339762,A:maj,68.0
1689,170.33671805000003,169.470197524,0.0,0.0,194.0,,,,,,,,,,,169.90555923333335,170.36751510833335,57.0,66.0,532.0,168.600634,170.339762,A:maj,68.0
1690,170.33976152399998,170.33976152399998,1.0,1.0,195.0,,,,,,,,,,,169.90555923333335,170.36751510833335,57.0,66.0,532.0,168.600634,170.339762,A:maj,68.0
1691,170.339762,170.33976152399998,1.0,1.0,195.0,,,,,,,,,,,169.90555923333335,170.36751510833335,57.0,66.0,532.0,170.339762,173.818018,D:maj,69.0
1692,170.34034123333336,170.33976152399998,1.0,1.0,195.0,,,,,,,,,,,170.34034123333336,171.96715055,38.0,72.0,533.0,170.339762,173.818018,D:maj,69.0
1693,170.36389192500002,170.33976152399998,1.0,1.0,195.0,,,,,,,,,,,170.34034123333336,171.96715055,38.0,72.0,533.0,170.339762,173.818018,D:maj,69.0
1694,170.36751510833335,170.33976152399998,1.0,1.0,195.0,,,,,,,,,,,170.34034123333336,171.96715055,38.0,72.0,533.0,170.339762,173.818018,D:maj,69.0
1695,170.77512323333335,170.33976152399998,1.0,1.0,195.0,,,,,,,,,,,170.77512323333335,172.15012130833335,45.0,46.0,534.0,170.339762,173.818018,D:maj,69.0
1696,171.209325524,171.209325524,0.0,0.0,196.0,,,,,,,,,,,170.77512323333335,172.15012130833335,45.0,46.0,534.0,170.339762,173.818018,D:maj,69.0
1697,171.20990523333336,171.209325524,0.0,0.0,196.0,,,,,,,,,,,171.20990523333336,173.08490260833335,50.0,56.0,535.0,170.339762,173.818018,D:maj,69.0
1698,171.20990523333336,171.209325524,0.0,0.0,196.0,,,,,,,,,,,171.20990523333336,172.72620745833336,62.0,69.0,536.0,170.339762,173.818018,D:maj,69.0
1699,171.20990523333336,171.209325524,0.0,0.0,196.0,,,,,,,,,,,171.20990523333336,172.73707700833336,66.0,76.0,537.0,170.339762,173.818018,D:maj,69.0
1700,171.64468723333337,171.209325524,0.0,0.0,196.0,,,,,,,,,,,171.64468723333337,172.93272890833336,57.0,69.0,538.0,170.339762,173.818018,D:maj,69.0
1701,171.96715055,171.209325524,0.0,0.0,196.0,,,,,,,,,,,171.64468723333337,172.93272890833336,57.0,69.0,538.0,170.339762,173.818018,D:maj,69.0
1702,172.078889524,172.078889524,1.0,0.0,197.0,,,,,,,,,,,171.64468723333337,172.93272890833336,57.0,69.0,538.0,170.339762,173.818018,D:maj,69.0
1703,172.07946923333336,172.078889524,1.0,0.0,197.0,,,,,,,,,,,172.07946923333336,173.7135249166667,38.0,63.0,539.0,170.339762,173.818018,D:maj,69.0
1704,172.15012130833335,172.078889524,1.0,0.0,197.0,,,,,,,,,,,172.07946923333336,173.7135249166667,38.0,63.0,539.0,170.339762,173.818018,D:maj,69.0
1705,172.51425123333337,172.078889524,1.0,0.0,197.0,172.51425123333337,172.79142475833336,57.0,97.0,216.0,,,,,,172.51425123333337,173.51606142500003,45.0,37.0,540.0,170.339762,173.818018,D:maj,69.0
1706,172.72620745833336,172.078889524,1.0,0.0,197.0,172.51425123333337,172.79142475833336,57.0,97.0,216.0,,,,,,172.51425123333337,173.51606142500003,45.0,37.0,540.0,170.339762,173.818018,D:maj,69.0
1707,172.73707700833336,172.078889524,1.0,0.0,197.0,172.51425123333337,172.79142475833336,57.0,97.0,216.0,,,,,,172.51425123333337,173.51606142500003,45.0,37.0,540.0,170.339762,173.818018,D:maj,69.0
1708,172.79142475833336,172.078889524,1.0,0.0,197.0,172.51425123333337,172.79142475833336,57.0,97.0,216.0,,,,,,172.51425123333337,173.51606142500003,45.0,37.0,540.0,170.339762,173.818018,D:maj,69.0
1709,172.93272890833336,172.078889524,1.0,0.0,197.0,,,,,,,,,,,172.51425123333337,173.51606142500003,45.0,37.0,540.0,170.339762,173.818018,D:maj,69.0
1710,172.948453524,172.948453524,0.0,0.0,198.0,,,,,,,,,,,172.51425123333337,173.51606142500003,45.0,37.0,540.0,170.339762,173.818018,D:maj,69.0
1711,172.94903323333335,172.948453524,0.0,0.0,198.0,172.94903323333335,173.28417769166668,66.0,97.0,217.0,,,,,,172.94903323333335,173.7352640166667,62.0,78.0,541.0,170.339762,173.818018,D:maj,69.0
1712,172.94903323333335,172.948453524,0.0,0.0,198.0,172.94903323333335,173.28417769166668,66.0,97.0,217.0,,,,,,172.94903323333335,173.76424948333337,66.0,89.0,542.0,170.339762,173.818018,D:maj,69.0
1713,173.08490260833335,172.948453524,0.0,0.0,198.0,172.94903323333335,173.28417769166668,66.0,97.0,217.0,,,,,,172.94903323333335,173.76424948333337,66.0,89.0,542.0,170.339762,173.818018,D:maj,69.0
1714,173.28417769166668,172.948453524,0.0,0.0,198.0,172.94903323333335,173.28417769166668,66.0,97.0,217.0,,,,,,172.94903323333335,173.76424948333337,66.0,89.0,542.0,170.339762,173.818018,D:maj,69.0
1715,173.38381523333337,172.948453524,0.0,0.0,198.0,173.38381523333337,173.73164083333336,67.0,112.0,218.0,,,,,,173.38381523333337,173.7950465416667,57.0,69.0,543.0,170.339762,173.818018,D:maj,69.0
1716,173.51606142500003,172.948453524,0.0,0.0,198.0,173.38381523333337,173.73164083333336,67.0,112.0,218.0,,,,,,173.38381523333337,173.7950465416667,57.0,69.0,543.0,170.339762,173.818018,D:maj,69.0
1717,173.7135249166667,172.948453524,0.0,0.0,198.0,173.38381523333337,173.73164083333336,67.0,112.0,218.0,,,,,,173.38381523333337,173.7950465416667,57.0,69.0,543.0,170.339762,173.818018,D:maj,69.0
1718,173.73164083333336,172.948453524,0.0,0.0,198.0,173.38381523333337,173.73164083333336,67.0,112.0,218.0,,,,,,173.38381523333337,173.7950465416667,57.0,69.0,543.0,170.339762,173.818018,D:maj,69.0
1719,173.7352640166667,172.948453524,0.0,0.0,198.0,,,,,,,,,,,173.38381523333337,173.7950465416667,57.0,69.0,543.0,170.339762,173.818018,D:maj,69.0
1720,173.76424948333337,172.948453524,0.0,0.0,198.0,,,,,,,,,,,173.38381523333337,173.7950465416667,57.0,69.0,543.0,170.339762,173.818018,D:maj,69.0
1721,173.7950465416667,172.948453524,0.0,0.0,198.0,,,,,,,,,,,173.38381523333337,173.7950465416667,57.0,69.0,543.0,170.339762,173.818018,D:maj,69.0
1722,173.818017524,173.818017524,1.0,1.0,199.0,,,,,,,,,,,,,,,,170.339762,173.818018,D:maj,69.0
1723,173.818018,173.818017524,1.0,1.0,199.0,,,,,,,,,,,,,,,,173.818018,175.557146,F#:dim,70.0
1724,173.81859723333335,173.818017524,1.0,1.0,199.0,173.81859723333335,174.55953822500004,69.0,100.0,219.0,,,,,,173.81859723333335,175.1519287,42.0,99.0,544.0,173.818018,175.557146,F#:dim,70.0
1725,174.25337923333336,173.818017524,1.0,1.0,199.0,173.81859723333335,174.55953822500004,69.0,100.0,219.0,,,,,,174.25337923333336,174.90011745833337,54.0,62.0,545.0,173.818018,175.557146,F#:dim,70.0
1726,174.47077023333335,173.818017524,1.0,1.0,199.0,174.47077023333335,174.55953822500004,69.0,107.0,220.0,,,,,,174.25337923333336,174.90011745833337,54.0,62.0,545.0,173.818018,175.557146,F#:dim,70.0
1727,174.55953822500004,173.818017524,1.0,1.0,199.0,174.47077023333335,174.55953822500004,69.0,107.0,220.0,,,,,,174.25337923333336,174.90011745833337,54.0,62.0,545.0,173.818018,175.557146,F#:dim,70.0
1728,174.687581524,174.687581524,0.0,0.0,200.0,,,,,,,,,,,174.25337923333336,174.90011745833337,54.0,62.0,545.0,173.818018,175.557146,F#:dim,70.0
1729,174.68816123333335,174.687581524,0.0,0.0,200.0,,,,,,,,,,,174.68816123333335,174.9200449666667,57.0,66.0,546.0,173.818018,175.557146,F#:dim,70.0
1730,174.68816123333335,174.687581524,0.0,0.0,200.0,,,,,,,,,,,174.68816123333335,176.07402885833335,60.0,89.0,547.0,173.818018,175.557146,F#:dim,70.0
1731,174.90011745833337,174.687581524,0.0,0.0,200.0,,,,,,,,,,,174.68816123333335,176.07402885833335,60.0,89.0,547.0,173.818018,175.557146,F#:dim,70.0
1732,174.90555223333337,174.687581524,0.0,0.0,200.0,,,,,,,,,,,174.90555223333337,175.03779842500003,54.0,29.0,548.0,173.818018,175.557146,F#:dim,70.0
1733,174.9200449666667,174.687581524,0.0,0.0,200.0,,,,,,,,,,,174.90555223333337,175.03779842500003,54.0,29.0,548.0,173.818018,175.557146,F#:dim,70.0
1734,175.03779842500003,174.687581524,0.0,0.0,200.0,,,,,,,,,,,174.90555223333337,175.03779842500003,54.0,29.0,548.0,173.818018,175.557146,F#:dim,70.0
1735,175.12294323333336,174.687581524,0.0,0.0,200.0,175.12294323333336,175.24250828333336,69.0,117.0,221.0,,,,,,175.12294323333336,175.70989893333336,57.0,77.0,549.0,173.818018,175.557146,F#:dim,70.0
1736,175.1519287,174.687581524,0.0,0.0,200.0,175.12294323333336,175.24250828333336,69.0,117.0,221.0,,,,,,175.12294323333336,175.70989893333336,57.0,77.0,549.0,173.818018,175.557146,F#:dim,70.0
1737,175.24250828333336,174.687581524,0.0,0.0,200.0,175.12294323333336,175.24250828333336,69.0,117.0,221.0,,,,,,175.12294323333336,175.70989893333336,57.0,77.0,549.0,173.818018,175.557146,F#:dim,70.0
1738,175.34033423333335,174.687581524,0.0,0.0,200.0,175.34033423333335,175.80410170000002,69.0,117.0,222.0,,,,,,175.12294323333336,175.70989893333336,57.0,77.0,549.0,173.818018,175.557146,F#:dim,70.0
1739,175.557145524,175.557145524,1.0,0.0,201.0,175.34033423333335,175.80410170000002,69.0,117.0,222.0,,,,,,175.12294323333336,175.70989893333336,57.0,77.0,549.0,173.818018,175.557146,F#:dim,70.0
1740,175.557146,175.557145524,1.0,0.0,201.0,175.34033423333335,175.80410170000002,69.0,117.0,222.0,,,,,,175.12294323333336,175.70989893333336,57.0,77.0,549.0,175.557146,177.296274,A:dim,71.0
1741,175.55772523333337,175.557145524,1.0,0.0,201.0,175.34033423333335,175.80410170000002,69.0,117.0,222.0,,,,,,175.55772523333337,176.70083957500003,45.0,79.0,550.0,175.557146,177.296274,A:dim,71.0
1742,175.70989893333336,175.557145524,1.0,0.0,201.0,175.34033423333335,175.80410170000002,69.0,117.0,222.0,,,,,,175.55772523333337,176.70083957500003,45.0,79.0,550.0,175.557146,177.296274,A:dim,71.0
1743,175.80410170000002,175.557145524,1.0,0.0,201.0,175.34033423333335,175.80410170000002,69.0,117.0,222.0,,,,,,175.55772523333337,176.70083957500003,45.0,79.0,550.0,175.557146,177.296274,A:dim,71.0
1744,175.99250723333336,175.557145524,1.0,0.0,201.0,175.99250723333336,176.09576795833337,67.0,100.0,223.0,,,,,,175.99250723333336,176.51605722500005,57.0,72.0,551.0,175.557146,177.296274,A:dim,71.0
1745,176.07402885833335,175.557145524,1.0,0.0,201.0,175.99250723333336,176.09576795833337,67.0,100.0,223.0,,,,,,175.99250723333336,176.51605722500005,57.0,72.0,551.0,175.557146,177.296274,A:dim,71.0
1746,176.09576795833337,175.557145524,1.0,0.0,201.0,175.99250723333336,176.09576795833337,67.0,100.0,223.0,,,,,,175.99250723333336,176.51605722500005,57.0,72.0,551.0,175.557146,177.296274,A:dim,71.0
1747,176.20989823333335,175.557145524,1.0,0.0,201.0,176.20989823333335,176.70083957500003,67.0,107.0,224.0,,,,,,175.99250723333336,176.51605722500005,57.0,72.0,551.0,175.557146,177.296274,A:dim,71.0
1748,176.426709524,176.426709524,0.0,0.0,202.0,176.20989823333335,176.70083957500003,67.0,107.0,224.0,,,,,,175.99250723333336,176.51605722500005,57.0,72.0,551.0,175.557146,177.296274,A:dim,71.0
1749,176.42728923333337,176.426709524,0.0,0.0,202.0,176.20989823333335,176.70083957500003,67.0,107.0,224.0,,,,,,176.42728923333337,177.34214302500004,60.0,72.0,552.0,175.557146,177.296274,A:dim,71.0
1750,176.42728923333337,176.426709524,0.0,0.0,202.0,176.20989823333335,176.70083957500003,67.0,107.0,224.0,,,,,,176.42728923333337,177.3656937166667,63.0,88.0,553.0,175.557146,177.296274,A:dim,71.0
1751,176.51605722500005,176.426709524,0.0,0.0,202.0,176.20989823333335,176.70083957500003,67.0,107.0,224.0,,,,,,176.42728923333337,177.3656937166667,63.0,88.0,553.0,175.557146,177.296274,A:dim,71.0
1752,176.70083957500003,176.426709524,0.0,0.0,202.0,176.20989823333335,176.70083957500003,67.0,107.0,224.0,,,,,,176.42728923333337,177.3656937166667,63.0,88.0,553.0,175.557146,177.296274,A:dim,71.0
1753,176.86207123333335,176.426709524,0.0,0.0,202.0,176.86207123333335,177.1700418166667,66.0,99.0,225.0,,,,,,176.86207123333335,177.41822987500004,57.0,57.0,554.0,175.557146,177.296274,A:dim,71.0
1754,177.1700418166667,176.426709524,0.0,0.0,202.0,176.86207123333335,177.1700418166667,66.0,99.0,225.0,,,,,,176.86207123333335,177.41822987500004,57.0,57.0,554.0,175.557146,177.296274,A:dim,71.0
1755,177.296273524,177.296273524,1.0,1.0,203.0,,,,,,,,,,,176.86207123333335,177.41822987500004,57.0,57.0,554.0,175.557146,177.296274,A:dim,71.0
1756,177.296274,177.296273524,1.0,1.0,203.0,,,,,,,,,,,176.86207123333335,177.41822987500004,57.0,57.0,554.0,177.296274,180.77453,B:maj,72.0
1757,177.29685323333337,177.296273524,1.0,1.0,203.0,177.29685323333337,177.65192520000002,66.0,112.0,226.0,,,,,,177.29685323333337,178.9091698166667,47.0,78.0,555.0,177.296274,180.77453,B:maj,72.0
1758,177.34214302500004,177.296273524,1.0,1.0,203.0,177.29685323333337,177.65192520000002,66.0,112.0,226.0,,,,,,177.29685323333337,178.9091698166667,47.0,78.0,555.0,177.296274,180.77453,B:maj,72.0
1759,177.3656937166667,177.296273524,1.0,1.0,203.0,177.29685323333337,177.65192520000002,66.0,112.0,226.0,,,,,,177.29685323333337,178.9091698166667,47.0,78.0,555.0,177.296274,180.77453,B:maj,72.0
1760,177.41822987500004,177.296273524,1.0,1.0,203.0,177.29685323333337,177.65192520000002,66.0,112.0,226.0,,,,,,177.29685323333337,178.9091698166667,47.0,78.0,555.0,177.296274,180.77453,B:maj,72.0
1761,177.65192520000002,177.296273524,1.0,1.0,203.0,177.29685323333337,177.65192520000002,66.0,112.0,226.0,,,,,,177.29685323333337,178.9091698166667,47.0,78.0,555.0,177.296274,180.77453,B:maj,72.0
1762,177.73163523333335,177.296273524,1.0,1.0,203.0,,,,,,,,,,,177.73163523333335,179.07040147500004,54.0,65.0,556.0,177.296274,180.77453,B:maj,72.0
1763,178.16583752399998,178.16583752399998,0.0,0.0,204.0,,,,,,,,,,,177.73163523333335,179.07040147500004,54.0,65.0,556.0,177.296274,180.77453,B:maj,72.0
1764,178.16641723333336,178.16583752399998,0.0,0.0,204.0,,,,,,,,,,,178.16641723333336,180.79865992500004,66.0,70.0,557.0,177.296274,180.77453,B:maj,72.0
1765,178.16641723333336,178.16583752399998,0.0,0.0,204.0,,,,,,,,,,,178.16641723333336,179.67909627500003,63.0,66.0,558.0,177.296274,180.77453,B:maj,72.0
1766,178.16641723333336,178.16583752399998,0.0,0.0,204.0,,,,,,,,,,,178.16641723333336,179.78779177500002,59.0,45.0,559.0,177.296274,180.77453,B:maj,72.0
1767,178.9091698166667,178.16583752399998,0.0,0.0,204.0,,,,,,,,,,,178.16641723333336,179.78779177500002,59.0,45.0,559.0,177.296274,180.77453,B:maj,72.0
1768,179.035401524,179.035401524,1.0,0.0,205.0,,,,,,,,,,,178.16641723333336,179.78779177500002,59.0,45.0,559.0,177.296274,180.77453,B:maj,72.0
1769,179.03598123333336,179.035401524,1.0,0.0,205.0,,,,,,,,,,,179.03598123333336,180.1428637416667,47.0,71.0,560.0,177.296274,180.77453,B:maj,72.0
1770,179.07040147500004,179.035401524,1.0,0.0,205.0,,,,,,,,,,,179.03598123333336,180.1428637416667,47.0,71.0,560.0,177.296274,180.77453,B:maj,72.0
1771,179.47076323333337,179.035401524,1.0,0.0,205.0,,,,,,,,,,,179.47076323333337,179.9689509416667,54.0,53.0,561.0,177.296274,180.77453,B:maj,72.0
1772,179.67909627500003,179.035401524,1.0,0.0,205.0,,,,,,,,,,,179.47076323333337,179.9689509416667,54.0,53.0,561.0,177.296274,180.77453,B:maj,72.0
1773,179.78779177500002,179.035401524,1.0,0.0,205.0,,,,,,,,,,,179.47076323333337,179.9689509416667,54.0,53.0,561.0,177.296274,180.77453,B:maj,72.0
1774,179.904965524,179.904965524,0.0,0.0,206.0,,,,,,,,,,,179.47076323333337,179.9689509416667,54.0,53.0,561.0,177.296274,180.77453,B:maj,72.0
1775,179.90554523333336,179.904965524,0.0,0.0,206.0,179.90554523333336,180.244312875,64.0,112.0,227.0,,,,,,179.90554523333336,180.83489175833336,63.0,95.0,562.0,177.296274,180.77453,B:maj,72.0
1776,179.9689509416667,179.904965524,0.0,0.0,206.0,179.90554523333336,180.244312875,64.0,112.0,227.0,,,,,,179.90554523333336,180.83489175833336,63.0,95.0,562.0,177.296274,180.77453,B:maj,72.0
1777,180.1428637416667,179.904965524,0.0,0.0,206.0,179.90554523333336,180.244312875,64.0,112.0,227.0,,,,,,179.90554523333336,180.83489175833336,63.0,95.0,562.0,177.296274,180.77453,B:maj,72.0
1778,180.244312875,179.904965524,0.0,0.0,206.0,179.90554523333336,180.244312875,64.0,112.0,227.0,,,,,,179.90554523333336,180.83489175833336,63.0,95.0,562.0,177.296274,180.77453,B:maj,72.0
1779,180.34032723333337,179.904965524,0.0,0.0,206.0,180.34032723333337,180.6428630416667,66.0,117.0,228.0,,,,,,180.34032723333337,181.22619555833336,59.0,69.0,563.0,177.296274,180.77453,B:maj,72.0
1780,180.6428630416667,179.904965524,0.0,0.0,206.0,180.34032723333337,180.6428630416667,66.0,117.0,228.0,,,,,,180.34032723333337,181.22619555833336,59.0,69.0,563.0,177.296274,180.77453,B:maj,72.0
1781,180.774529524,180.774529524,1.0,1.0,207.0,,,,,,,,,,,180.34032723333337,181.22619555833336,59.0,69.0,563.0,177.296274,180.77453,B:maj,72.0
1782,180.77453,180.774529524,1.0,1.0,207.0,,,,,,,,,,,180.34032723333337,181.22619555833336,59.0,69.0,563.0,180.77453,182.513658,E:min,73.0
1783,180.77510923333332,180.774529524,1.0,1.0,207.0,180.77510923333332,181.13018120000004,67.0,122.0,229.0,,,,,,180.77510923333332,182.0504697666667,40.0,74.0,564.0,180.77453,182.513658,E:min,73.0
1784,180.79865992500004,180.774529524,1.0,1.0,207.0,180.77510923333332,181.13018120000004,67.0,122.0,229.0,,,,,,180.77510923333332,182.0504697666667,40.0,74.0,564.0,180.77453,182.513658,E:min,73.0
1785,180.83489175833336,180.774529524,1.0,1.0,207.0,180.77510923333332,181.13018120000004,67.0,122.0,229.0,,,,,,180.77510923333332,182.0504697666667,40.0,74.0,564.0,180.77453,182.513658,E:min,73.0
1786,181.13018120000004,180.774529524,1.0,1.0,207.0,180.77510923333332,181.13018120000004,67.0,122.0,229.0,,,,,,180.77510923333332,182.0504697666667,40.0,74.0,564.0,180.77453,182.513658,E:min,73.0
1787,181.20989123333337,180.774529524,1.0,1.0,207.0,,,,,,,,,,,181.20989123333337,181.79322375000004,47.0,49.0,565.0,180.77453,182.513658,E:min,73.0
1788,181.22619555833336,180.774529524,1.0,1.0,207.0,,,,,,,,,,,181.20989123333337,181.79322375000004,47.0,49.0,565.0,180.77453,182.513658,E:min,73.0
1789,181.42728223333336,180.774529524,1.0,1.0,207.0,181.42728223333336,181.9852524666667,67.0,107.0,230.0,,,,,,181.20989123333337,181.79322375000004,47.0,49.0,565.0,180.77453,182.513658,E:min,73.0
1790,181.644093524,181.644093524,0.0,0.0,208.0,181.42728223333336,181.9852524666667,67.0,107.0,230.0,,,,,,181.20989123333337,181.79322375000004,47.0,49.0,565.0,180.77453,182.513658,E:min,73.0
1791,181.64467323333332,181.644093524,0.0,0.0,208.0,181.42728223333336,181.9852524666667,67.0,107.0,230.0,,,,,,181.64467323333332,182.70626595,64.0,78.0,566.0,180.77453,182.513658,E:min,73.0
1792,181.64467323333332,181.644093524,0.0,0.0,208.0,181.42728223333336,181.9852524666667,67.0,107.0,230.0,,,,,,181.64467323333332,182.73706300833337,67.0,82.0,567.0,180.77453,182.513658,E:min,73.0
1793,181.79322375000004,181.644093524,0.0,0.0,208.0,181.42728223333336,181.9852524666667,67.0,107.0,230.0,,,,,,181.64467323333332,182.73706300833337,67.0,82.0,567.0,180.77453,182.513658,E:min,73.0
1794,181.9852524666667,181.644093524,0.0,0.0,208.0,181.42728223333336,181.9852524666667,67.0,107.0,230.0,,,,,,181.64467323333332,182.73706300833337,67.0,82.0,567.0,180.77453,182.513658,E:min,73.0
1795,182.0504697666667,181.644093524,0.0,0.0,208.0,,,,,,,,,,,181.64467323333332,182.73706300833337,67.0,82.0,567.0,180.77453,182.513658,E:min,73.0
1796,182.07945523333336,181.644093524,0.0,0.0,208.0,182.07945523333336,182.16641163333333,67.0,96.0,231.0,,,,,,182.07945523333336,182.7569905166667,59.0,83.0,568.0,180.77453,182.513658,E:min,73.0
1797,182.16641163333333,181.644093524,0.0,0.0,208.0,182.07945523333336,182.16641163333333,67.0,96.0,231.0,,,,,,182.07945523333336,182.7569905166667,59.0,83.0,568.0,180.77453,182.513658,E:min,73.0
1798,182.29684623333333,181.644093524,0.0,0.0,208.0,182.29684623333333,182.7135123166667,67.0,102.0,232.0,,,,,,182.07945523333336,182.7569905166667,59.0,83.0,568.0,180.77453,182.513658,E:min,73.0
1799,182.513657524,182.513657524,1.0,0.0,209.0,182.29684623333333,182.7135123166667,67.0,102.0,232.0,,,,,,182.07945523333336,182.7569905166667,59.0,83.0,568.0,180.77453,182.513658,E:min,73.0
1800,182.513658,182.513657524,1.0,0.0,209.0,182.29684623333333,182.7135123166667,67.0,102.0,232.0,,,,,,182.07945523333336,182.7569905166667,59.0,83.0,568.0,182.513658,184.252786,E:maj7/7,74.0
1801,182.51423723333335,182.513657524,1.0,0.0,209.0,182.29684623333333,182.7135123166667,67.0,102.0,232.0,,,,,,182.51423723333335,183.9852496666667,39.0,79.0,569.0,182.513658,184.252786,E:maj7/7,74.0
1802,182.70626595,182.513657524,1.0,0.0,209.0,182.29684623333333,182.7135123166667,67.0,102.0,232.0,,,,,,182.51423723333335,183.9852496666667,39.0,79.0,569.0,182.513658,184.252786,E:maj7/7,74.0
1803,182.7135123166667,182.513657524,1.0,0.0,209.0,182.29684623333333,182.7135123166667,67.0,102.0,232.0,,,,,,182.51423723333335,183.9852496666667,39.0,79.0,569.0,182.513658,184.252786,E:maj7/7,74.0
1804,182.73706300833337,182.513657524,1.0,0.0,209.0,,,,,,,,,,,182.51423723333335,183.9852496666667,39.0,79.0,569.0,182.513658,184.252786,E:maj7/7,74.0
1805,182.7569905166667,182.513657524,1.0,0.0,209.0,,,,,,,,,,,182.51423723333335,183.9852496666667,39.0,79.0,569.0,182.513658,184.252786,E:maj7/7,74.0
1806,182.94901923333336,182.513657524,1.0,0.0,209.0,182.94901923333336,183.35662735833336,66.0,100.0,233.0,,,,,,182.94901923333336,183.48162718333336,59.0,72.0,570.0,182.513658,184.252786,E:maj7/7,74.0
1807,183.35662735833336,182.513657524,1.0,0.0,209.0,182.94901923333336,183.35662735833336,66.0,100.0,233.0,,,,,,182.94901923333336,183.48162718333336,59.0,72.0,570.0,182.513658,184.252786,E:maj7/7,74.0
1808,183.383221524,183.383221524,0.0,0.0,210.0,,,,,,,,,,,182.94901923333336,183.48162718333336,59.0,72.0,570.0,182.513658,184.252786,E:maj7/7,74.0
1809,183.38380123333337,183.383221524,0.0,0.0,210.0,183.38380123333337,183.79684413333337,59.0,97.0,234.0,,,,,,183.38380123333337,184.13923495833336,64.0,85.0,571.0,182.513658,184.252786,E:maj7/7,74.0
1810,183.48162718333336,183.383221524,0.0,0.0,210.0,183.38380123333337,183.79684413333337,59.0,97.0,234.0,,,,,,183.38380123333337,184.13923495833336,64.0,85.0,571.0,182.513658,184.252786,E:maj7/7,74.0
1811,183.79684413333337,183.383221524,0.0,0.0,210.0,183.38380123333337,183.79684413333337,59.0,97.0,234.0,,,,,,183.38380123333337,184.13923495833336,64.0,85.0,571.0,182.513658,184.252786,E:maj7/7,74.0
1812,183.81858323333336,183.383221524,0.0,0.0,210.0,183.81858323333336,184.1754667916667,62.0,107.0,235.0,,,,,,183.81858323333336,184.1319885916667,59.0,66.0,572.0,182.513658,184.252786,E:maj7/7,74.0
1813,183.9852496666667,183.383221524,0.0,0.0,210.0,183.81858323333336,184.1754667916667,62.0,107.0,235.0,,,,,,183.81858323333336,184.1319885916667,59.0,66.0,572.0,182.513658,184.252786,E:maj7/7,74.0
1814,184.1319885916667,183.383221524,0.0,0.0,210.0,183.81858323333336,184.1754667916667,62.0,107.0,235.0,,,,,,183.81858323333336,184.1319885916667,59.0,66.0,572.0,182.513658,184.252786,E:maj7/7,74.0
1815,184.13923495833336,183.383221524,0.0,0.0,210.0,183.81858323333336,184.1754667916667,62.0,107.0,235.0,,,,,,,,,,,182.513658,184.252786,E:maj7/7,74.0
1816,184.1754667916667,183.383221524,0.0,0.0,210.0,183.81858323333336,184.1754667916667,62.0,107.0,235.0,,,,,,,,,,,182.513658,184.252786,E:maj7/7,74.0
1817,184.252785524,184.252785524,1.0,1.0,211.0,,,,,,,,,,,,,,,,182.513658,184.252786,E:maj7/7,74.0
1818,184.252786,184.252785524,1.0,1.0,211.0,,,,,,,,,,,,,,,,184.252786,185.991914,D:maj,75.0
1819,184.25336523333337,184.252785524,1.0,1.0,211.0,184.25336523333337,184.8711179916667,62.0,122.0,236.0,,,,,,184.25336523333337,185.26604497500003,38.0,75.0,573.0,184.252786,185.991914,D:maj,75.0
1820,184.68814723333332,184.252785524,1.0,1.0,211.0,184.68814723333332,184.97256712500004,64.0,102.0,237.0,,,,,,184.68814723333332,185.3385086416667,45.0,48.0,574.0,184.252786,185.991914,D:maj,75.0
1821,184.8711179916667,184.252785524,1.0,1.0,211.0,184.68814723333332,184.97256712500004,64.0,102.0,237.0,,,,,,184.68814723333332,185.3385086416667,45.0,48.0,574.0,184.252786,185.991914,D:maj,75.0
1822,184.97256712500004,184.252785524,1.0,1.0,211.0,184.68814723333332,184.97256712500004,64.0,102.0,237.0,,,,,,184.68814723333332,185.3385086416667,45.0,48.0,574.0,184.252786,185.991914,D:maj,75.0
1823,185.122349524,185.122349524,0.0,0.0,212.0,,,,,,,,,,,184.68814723333332,185.3385086416667,45.0,48.0,574.0,184.252786,185.991914,D:maj,75.0
1824,185.12292923333337,185.122349524,0.0,0.0,212.0,185.12292923333337,185.51604462500003,66.0,107.0,238.0,,,,,,185.12292923333337,186.0124207416667,62.0,83.0,575.0,184.252786,185.991914,D:maj,75.0
1825,185.12292923333337,185.122349524,0.0,0.0,212.0,185.12292923333337,185.51604462500003,66.0,107.0,238.0,,,,,,185.12292923333337,186.0124207416667,66.0,96.0,576.0,184.252786,185.991914,D:maj,75.0
1826,185.26604497500003,185.122349524,0.0,0.0,212.0,185.12292923333337,185.51604462500003,66.0,107.0,238.0,,,,,,185.12292923333337,186.0124207416667,66.0,96.0,576.0,184.252786,185.991914,D:maj,75.0
1827,185.3385086416667,185.122349524,0.0,0.0,212.0,185.12292923333337,185.51604462500003,66.0,107.0,238.0,,,,,,185.12292923333337,186.0124207416667,66.0,96.0,576.0,184.252786,185.991914,D:maj,75.0
1828,185.51604462500003,185.122349524,0.0,0.0,212.0,185.12292923333337,185.51604462500003,66.0,107.0,238.0,,,,,,185.12292923333337,186.0124207416667,66.0,96.0,576.0,184.252786,185.991914,D:maj,75.0
1829,185.55771123333332,185.122349524,0.0,0.0,212.0,,,,,,,,,,,185.55771123333332,186.30408700000004,57.0,58.0,577.0,184.252786,185.991914,D:maj,75.0
1830,185.77510223333337,185.122349524,0.0,0.0,212.0,185.77510223333337,186.2080726416667,64.0,100.0,239.0,,,,,,185.55771123333332,186.30408700000004,57.0,58.0,577.0,184.252786,185.991914,D:maj,75.0
1831,185.991913524,185.991913524,1.0,0.0,213.0,185.77510223333337,186.2080726416667,64.0,100.0,239.0,,,,,,185.55771123333332,186.30408700000004,57.0,58.0,577.0,184.252786,185.991914,D:maj,75.0
1832,185.991914,185.991913524,1.0,0.0,213.0,185.77510223333337,186.2080726416667,64.0,100.0,239.0,,,,,,185.55771123333332,186.30408700000004,57.0,58.0,577.0,185.991914,187.731042,A:maj,76.0
1833,185.99249323333336,185.991913524,1.0,0.0,213.0,185.77510223333337,186.2080726416667,64.0,100.0,239.0,,,,,,185.99249323333336,187.38560722500003,45.0,79.0,578.0,185.991914,187.731042,A:maj,76.0
1834,186.0124207416667,185.991913524,1.0,0.0,213.0,185.77510223333337,186.2080726416667,64.0,100.0,239.0,,,,,,185.99249323333336,187.38560722500003,45.0,79.0,578.0,185.991914,187.731042,A:maj,76.0
1835,186.2080726416667,185.991913524,1.0,0.0,213.0,185.77510223333337,186.2080726416667,64.0,100.0,239.0,,,,,,185.99249323333336,187.38560722500003,45.0,79.0,578.0,185.991914,187.731042,A:maj,76.0
1836,186.30408700000004,185.991913524,1.0,0.0,213.0,,,,,,,,,,,185.99249323333336,187.38560722500003,45.0,79.0,578.0,185.991914,187.731042,A:maj,76.0
1837,186.42727523333335,185.991913524,1.0,0.0,213.0,,,,,,,,,,,186.42727523333335,187.29865082500004,52.0,75.0,579.0,185.991914,187.731042,A:maj,76.0
1838,186.64466623333337,185.991913524,1.0,0.0,213.0,186.64466623333337,186.82582540000004,57.0,93.0,240.0,,,,,,186.42727523333335,187.29865082500004,52.0,75.0,579.0,185.991914,187.731042,A:maj,76.0
1839,186.82582540000004,185.991913524,1.0,0.0,213.0,186.64466623333337,186.82582540000004,57.0,93.0,240.0,,,,,,186.42727523333335,187.29865082500004,52.0,75.0,579.0,185.991914,187.731042,A:maj,76.0
1840,186.861477524,186.861477524,0.0,0.0,214.0,,,,,,,,,,,186.42727523333335,187.29865082500004,52.0,75.0,579.0,185.991914,187.731042,A:maj,76.0
1841,186.86205723333336,186.861477524,0.0,0.0,214.0,186.86205723333336,187.1645930416667,66.0,102.0,241.0,,,,,,186.86205723333336,187.6428532416667,61.0,88.0,580.0,185.991914,187.731042,A:maj,76.0
1842,186.86205723333336,186.861477524,0.0,0.0,214.0,186.86205723333336,187.1645930416667,66.0,102.0,241.0,,,,,,186.86205723333336,187.65553438333336,64.0,73.0,581.0,185.991914,187.731042,A:maj,76.0
1843,187.1645930416667,186.861477524,0.0,0.0,214.0,186.86205723333336,187.1645930416667,66.0,102.0,241.0,,,,,,186.86205723333336,187.65553438333336,64.0,73.0,581.0,185.991914,187.731042,A:maj,76.0
1844,187.29683923333337,186.861477524,0.0,0.0,214.0,187.29683923333337,187.59575185833336,67.0,96.0,242.0,,,,,,187.29683923333337,187.6645923416667,57.0,81.0,582.0,185.991914,187.731042,A:maj,76.0
1845,187.29865082500004,186.861477524,0.0,0.0,214.0,187.29683923333337,187.59575185833336,67.0,96.0,242.0,,,,,,187.29683923333337,187.6645923416667,57.0,81.0,582.0,185.991914,187.731042,A:maj,76.0
1846,187.38560722500003,186.861477524,0.0,0.0,214.0,187.29683923333337,187.59575185833336,67.0,96.0,242.0,,,,,,187.29683923333337,187.6645923416667,57.0,81.0,582.0,185.991914,187.731042,A:maj,76.0
1847,187.59575185833336,186.861477524,0.0,0.0,214.0,187.29683923333337,187.59575185833336,67.0,96.0,242.0,,,,,,187.29683923333337,187.6645923416667,57.0,81.0,582.0,185.991914,187.731042,A:maj,76.0
1848,187.6428532416667,186.861477524,0.0,0.0,214.0,,,,,,,,,,,187.29683923333337,187.6645923416667,57.0,81.0,582.0,185.991914,187.731042,A:maj,76.0
1849,187.65553438333336,186.861477524,0.0,0.0,214.0,,,,,,,,,,,187.29683923333337,187.6645923416667,57.0,81.0,582.0,185.991914,187.731042,A:maj,76.0
1850,187.6645923416667,186.861477524,0.0,0.0,214.0,,,,,,,,,,,187.29683923333337,187.6645923416667,57.0,81.0,582.0,185.991914,187.731042,A:maj,76.0
1851,187.731041524,187.731041524,1.0,1.0,215.0,,,,,,,,,,,,,,,,185.991914,187.731042,A:maj,76.0
1852,187.731042,187.731041524,1.0,1.0,215.0,,,,,,,,,,,,,,,,187.731042,191.209298,F#:dim,77.0
1853,187.73162123333336,187.731041524,1.0,1.0,215.0,187.73162123333336,188.37292468333337,69.0,107.0,243.0,,,,,,187.73162123333336,188.45988108333336,60.0,74.0,583.0,187.731042,191.209298,F#:dim,77.0
1854,187.73162123333336,187.731041524,1.0,1.0,215.0,187.73162123333336,188.37292468333337,69.0,107.0,243.0,,,,,,187.73162123333336,188.54864907500004,57.0,66.0,584.0,187.731042,191.209298,F#:dim,77.0
1855,187.73162123333336,187.731041524,1.0,1.0,215.0,187.73162123333336,188.37292468333337,69.0,107.0,243.0,,,,,,187.73162123333336,189.3602421416667,42.0,93.0,585.0,187.731042,191.209298,F#:dim,77.0
1856,188.16640323333337,187.731041524,1.0,1.0,215.0,187.73162123333336,188.37292468333337,69.0,107.0,243.0,,,,,,188.16640323333337,189.61929975000004,54.0,79.0,586.0,187.731042,191.209298,F#:dim,77.0
1857,188.37292468333337,187.731041524,1.0,1.0,215.0,187.73162123333336,188.37292468333337,69.0,107.0,243.0,,,,,,188.16640323333337,189.61929975000004,54.0,79.0,586.0,187.731042,191.209298,F#:dim,77.0
1858,188.38379423333336,187.731041524,1.0,1.0,215.0,188.38379423333336,188.79140235833336,69.0,102.0,244.0,,,,,,188.16640323333337,189.61929975000004,54.0,79.0,586.0,187.731042,191.209298,F#:dim,77.0
1859,188.45988108333336,187.731041524,1.0,1.0,215.0,188.38379423333336,188.79140235833336,69.0,102.0,244.0,,,,,,188.16640323333337,189.61929975000004,54.0,79.0,586.0,187.731042,191.209298,F#:dim,77.0
1860,188.54864907500004,187.731041524,1.0,1.0,215.0,188.38379423333336,188.79140235833336,69.0,102.0,244.0,,,,,,188.16640323333337,189.61929975000004,54.0,79.0,586.0,187.731042,191.209298,F#:dim,77.0
1861,188.600605524,188.600605524,0.0,0.0,216.0,188.38379423333336,188.79140235833336,69.0,102.0,244.0,,,,,,188.16640323333337,189.61929975000004,54.0,79.0,586.0,187.731042,191.209298,F#:dim,77.0
1862,188.60118523333333,188.600605524,0.0,0.0,216.0,188.38379423333336,188.79140235833336,69.0,102.0,244.0,,,,,,188.60118523333333,190.28053070833337,60.0,88.0,587.0,187.731042,191.209298,F#:dim,77.0
1863,188.79140235833336,188.600605524,0.0,0.0,216.0,188.38379423333336,188.79140235833336,69.0,102.0,244.0,,,,,,188.60118523333333,190.28053070833337,60.0,88.0,587.0,187.731042,191.209298,F#:dim,77.0
1864,189.03596723333337,188.600605524,0.0,0.0,216.0,189.03596723333337,189.11930045000005,69.0,117.0,245.0,,,,,,189.03596723333337,190.2406756916667,57.0,75.0,588.0,187.731042,191.209298,F#:dim,77.0
1865,189.11930045000005,188.600605524,0.0,0.0,216.0,189.03596723333337,189.11930045000005,69.0,117.0,245.0,,,,,,189.03596723333337,190.2406756916667,57.0,75.0,588.0,187.731042,191.209298,F#:dim,77.0
1866,189.25335823333336,188.600605524,0.0,0.0,216.0,189.25335823333336,189.63379248333337,69.0,117.0,246.0,,,,,,189.03596723333337,190.2406756916667,57.0,75.0,588.0,187.731042,191.209298,F#:dim,77.0
1867,189.3602421416667,188.600605524,0.0,0.0,216.0,189.25335823333336,189.63379248333337,69.0,117.0,246.0,,,,,,189.03596723333337,190.2406756916667,57.0,75.0,588.0,187.731042,191.209298,F#:dim,77.0
1868,189.470169524,189.470169524,1.0,0.0,217.0,189.25335823333336,189.63379248333337,69.0,117.0,246.0,,,,,,189.03596723333337,190.2406756916667,57.0,75.0,588.0,187.731042,191.209298,F#:dim,77.0
1869,189.47074923333332,189.470169524,1.0,0.0,217.0,189.25335823333336,189.63379248333337,69.0,117.0,246.0,,,,,,189.47074923333332,190.7243706666667,42.0,72.0,589.0,187.731042,191.209298,F#:dim,77.0
1870,189.61929975000004,189.470169524,1.0,0.0,217.0,189.25335823333336,189.63379248333337,69.0,117.0,246.0,,,,,,189.47074923333332,190.7243706666667,42.0,72.0,589.0,187.731042,191.209298,F#:dim,77.0
1871,189.63379248333337,189.470169524,1.0,0.0,217.0,189.25335823333336,189.63379248333337,69.0,117.0,246.0,,,,,,189.47074923333332,190.7243706666667,42.0,72.0,589.0,187.731042,191.209298,F#:dim,77.0
1872,189.90553123333336,189.470169524,1.0,0.0,217.0,189.90553123333336,189.9852412666667,67.0,95.0,247.0,,,,,,189.90553123333336,190.48886375000004,54.0,54.0,590.0,187.731042,191.209298,F#:dim,77.0
1873,189.9852412666667,189.470169524,1.0,0.0,217.0,189.90553123333336,189.9852412666667,67.0,95.0,247.0,,,,,,189.90553123333336,190.48886375000004,54.0,54.0,590.0,187.731042,191.209298,F#:dim,77.0
1874,190.12292223333336,189.470169524,1.0,0.0,217.0,190.12292223333336,190.51966080833336,67.0,100.0,248.0,,,,,,189.90553123333336,190.48886375000004,54.0,54.0,590.0,187.731042,191.209298,F#:dim,77.0
1875,190.2406756916667,189.470169524,1.0,0.0,217.0,190.12292223333336,190.51966080833336,67.0,100.0,248.0,,,,,,189.90553123333336,190.48886375000004,54.0,54.0,590.0,187.731042,191.209298,F#:dim,77.0
1876,190.28053070833337,189.470169524,1.0,0.0,217.0,190.12292223333336,190.51966080833336,67.0,100.0,248.0,,,,,,189.90553123333336,190.48886375000004,54.0,54.0,590.0,187.731042,191.209298,F#:dim,77.0
1877,190.339733524,190.339733524,0.0,0.0,218.0,190.12292223333336,190.51966080833336,67.0,100.0,248.0,,,,,,189.90553123333336,190.48886375000004,54.0,54.0,590.0,187.731042,191.209298,F#:dim,77.0
1878,190.34031323333335,190.339733524,0.0,0.0,218.0,190.12292223333336,190.51966080833336,67.0,100.0,248.0,,,,,,190.34031323333335,190.99792100833332,57.0,74.0,591.0,187.731042,191.209298,F#:dim,77.0
1879,190.34031323333335,190.339733524,0.0,0.0,218.0,190.12292223333336,190.51966080833336,67.0,100.0,248.0,,,,,,190.34031323333335,191.11205128333336,60.0,76.0,592.0,187.731042,191.209298,F#:dim,77.0
1880,190.48886375000004,190.339733524,0.0,0.0,218.0,190.12292223333336,190.51966080833336,67.0,100.0,248.0,,,,,,190.34031323333335,191.11205128333336,60.0,76.0,592.0,187.731042,191.209298,F#:dim,77.0
1881,190.51966080833336,190.339733524,0.0,0.0,218.0,190.12292223333336,190.51966080833336,67.0,100.0,248.0,,,,,,190.34031323333335,191.11205128333336,60.0,76.0,592.0,187.731042,191.209298,F#:dim,77.0
1882,190.55770423333337,190.339733524,0.0,0.0,218.0,190.55770423333337,190.8276313916667,66.0,99.0,249.0,,,,,,190.34031323333335,191.11205128333336,60.0,76.0,592.0,187.731042,191.209298,F#:dim,77.0
1883,190.7243706666667,190.339733524,0.0,0.0,218.0,190.55770423333337,190.8276313916667,66.0,99.0,249.0,,,,,,190.34031323333335,191.11205128333336,60.0,76.0,592.0,187.731042,191.209298,F#:dim,77.0
1884,190.77509523333336,190.339733524,0.0,0.0,218.0,190.55770423333337,190.8276313916667,66.0,99.0,249.0,,,,,,190.77509523333336,190.88922550833337,54.0,62.0,593.0,187.731042,191.209298,F#:dim,77.0
1885,190.8276313916667,190.339733524,0.0,0.0,218.0,190.55770423333337,190.8276313916667,66.0,99.0,249.0,,,,,,190.77509523333336,190.88922550833337,54.0,62.0,593.0,187.731042,191.209298,F#:dim,77.0
1886,190.88922550833337,190.339733524,0.0,0.0,218.0,,,,,,,,,,,190.77509523333336,190.88922550833337,54.0,62.0,593.0,187.731042,191.209298,F#:dim,77.0
1887,190.99248623333332,190.339733524,0.0,0.0,218.0,190.99248623333332,191.09574695833336,66.0,102.0,250.0,,,,,,,,,,,187.731042,191.209298,F#:dim,77.0
1888,190.99792100833332,190.339733524,0.0,0.0,218.0,190.99248623333332,191.09574695833336,66.0,102.0,250.0,,,,,,,,,,,187.731042,191.209298,F#:dim,77.0
1889,191.09574695833336,190.339733524,0.0,0.0,218.0,190.99248623333332,191.09574695833336,66.0,102.0,250.0,,,,,,,,,,,187.731042,191.209298,F#:dim,77.0
1890,191.11205128333336,190.339733524,0.0,0.0,218.0,,,,,,,,,,,,,,,,187.731042,191.209298,F#:dim,77.0
1891,191.209297524,191.209297524,1.0,1.0,219.0,,,,,,,,,,,,,,,,187.731042,191.209298,F#:dim,77.0
1892,191.209298,191.209297524,1.0,1.0,219.0,,,,,,,,,,,,,,,,191.209298,194.687554,B:maj,78.0
1893,191.20987723333337,191.209297524,1.0,1.0,219.0,191.20987723333337,192.189948325,60.0,97.0,251.0,,,,,,191.20987723333337,192.84030973333336,47.0,79.0,594.0,191.209298,194.687554,B:maj,78.0
1894,191.20987723333337,191.209297524,1.0,1.0,219.0,191.20987723333337,191.5613260166667,66.0,117.0,252.0,,,,,,191.20987723333337,192.84030973333336,47.0,79.0,594.0,191.209298,194.687554,B:maj,78.0
1895,191.5613260166667,191.209297524,1.0,1.0,219.0,191.20987723333337,191.5613260166667,66.0,117.0,252.0,,,,,,191.20987723333337,192.84030973333336,47.0,79.0,594.0,191.209298,194.687554,B:maj,78.0
1896,191.64465923333336,191.209297524,1.0,1.0,219.0,191.64465923333336,191.7461083666667,66.0,97.0,253.0,,,,,,191.64465923333336,192.983425475,54.0,63.0,595.0,191.209298,194.687554,B:maj,78.0
1897,191.7461083666667,191.209297524,1.0,1.0,219.0,191.64465923333336,191.7461083666667,66.0,97.0,253.0,,,,,,191.64465923333336,192.983425475,54.0,63.0,595.0,191.209298,194.687554,B:maj,78.0
1898,191.86205023333332,191.209297524,1.0,1.0,219.0,191.86205023333332,192.18270195833333,66.0,90.0,254.0,,,,,,191.64465923333336,192.983425475,54.0,63.0,595.0,191.209298,194.687554,B:maj,78.0
1899,192.078861524,192.078861524,0.0,0.0,220.0,191.86205023333332,192.18270195833333,66.0,90.0,254.0,,,,,,191.64465923333336,192.983425475,54.0,63.0,595.0,191.209298,194.687554,B:maj,78.0
1900,192.07944123333337,192.078861524,0.0,0.0,220.0,191.86205023333332,192.18270195833333,66.0,90.0,254.0,,,,,,192.07944123333337,193.6374100666667,63.0,97.0,596.0,191.209298,194.687554,B:maj,78.0
1901,192.18270195833333,192.078861524,0.0,0.0,220.0,191.86205023333332,192.18270195833333,66.0,90.0,254.0,,,,,,192.07944123333337,193.6374100666667,63.0,97.0,596.0,191.209298,194.687554,B:maj,78.0
1902,192.189948325,192.078861524,0.0,0.0,220.0,,,,,,,,,,,192.07944123333337,193.6374100666667,63.0,97.0,596.0,191.209298,194.687554,B:maj,78.0
1903,192.29683223333336,192.078861524,0.0,0.0,220.0,192.29683223333336,192.74973015000003,67.0,95.0,255.0,,,,,,192.07944123333337,193.6374100666667,63.0,97.0,596.0,191.209298,194.687554,B:maj,78.0
1904,192.51422323333333,192.078861524,0.0,0.0,220.0,192.29683223333336,192.74973015000003,67.0,95.0,255.0,,,,,,192.51422323333333,193.87472857500003,59.0,69.0,597.0,191.209298,194.687554,B:maj,78.0
1905,192.74973015000003,192.078861524,0.0,0.0,220.0,192.29683223333336,192.74973015000003,67.0,95.0,255.0,,,,,,192.51422323333333,193.87472857500003,59.0,69.0,597.0,191.209298,194.687554,B:maj,78.0
1906,192.84030973333336,192.078861524,0.0,0.0,220.0,,,,,,,,,,,192.51422323333333,193.87472857500003,59.0,69.0,597.0,191.209298,194.687554,B:maj,78.0
1907,192.948425524,192.948425524,1.0,0.0,221.0,,,,,,,,,,,192.51422323333333,193.87472857500003,59.0,69.0,597.0,191.209298,194.687554,B:maj,78.0
1908,192.94900523333337,192.948425524,1.0,0.0,221.0,192.94900523333337,193.635598475,66.0,95.0,256.0,,,,,,192.94900523333337,194.74248098333337,66.0,64.0,598.0,191.209298,194.687554,B:maj,78.0
1909,192.94900523333337,192.948425524,1.0,0.0,221.0,192.94900523333337,193.635598475,66.0,95.0,256.0,,,,,,192.94900523333337,193.98885885000004,47.0,64.0,599.0,191.209298,194.687554,B:maj,78.0
1910,192.983425475,192.948425524,1.0,0.0,221.0,192.94900523333337,193.635598475,66.0,95.0,256.0,,,,,,192.94900523333337,193.98885885000004,47.0,64.0,599.0,191.209298,194.687554,B:maj,78.0
1911,193.38378723333332,192.948425524,1.0,0.0,221.0,192.94900523333337,193.635598475,66.0,95.0,256.0,,,,,,193.38378723333332,193.86748220833337,54.0,51.0,600.0,191.209298,194.687554,B:maj,78.0
1912,193.635598475,192.948425524,1.0,0.0,221.0,192.94900523333337,193.635598475,66.0,95.0,256.0,,,,,,193.38378723333332,193.86748220833337,54.0,51.0,600.0,191.209298,194.687554,B:maj,78.0
1913,193.6374100666667,192.948425524,1.0,0.0,221.0,,,,,,,,,,,193.38378723333332,193.86748220833337,54.0,51.0,600.0,191.209298,194.687554,B:maj,78.0
1914,193.817989524,193.817989524,0.0,0.0,222.0,,,,,,,,,,,193.38378723333332,193.86748220833337,54.0,51.0,600.0,191.209298,194.687554,B:maj,78.0
1915,193.81856923333336,193.817989524,0.0,0.0,222.0,193.81856923333336,194.11023549166669,64.0,93.0,257.0,,,,,,193.81856923333336,194.75878530833336,63.0,83.0,601.0,191.209298,194.687554,B:maj,78.0
1916,193.86748220833337,193.817989524,0.0,0.0,222.0,193.81856923333336,194.11023549166669,64.0,93.0,257.0,,,,,,193.81856923333336,194.75878530833336,63.0,83.0,601.0,191.209298,194.687554,B:maj,78.0
1917,193.87472857500003,193.817989524,0.0,0.0,222.0,193.81856923333336,194.11023549166669,64.0,93.0,257.0,,,,,,193.81856923333336,194.75878530833336,63.0,83.0,601.0,191.209298,194.687554,B:maj,78.0
1918,193.98885885000004,193.817989524,0.0,0.0,222.0,193.81856923333336,194.11023549166669,64.0,93.0,257.0,,,,,,193.81856923333336,194.75878530833336,63.0,83.0,601.0,191.209298,194.687554,B:maj,78.0
1919,194.11023549166669,193.817989524,0.0,0.0,222.0,193.81856923333336,194.11023549166669,64.0,93.0,257.0,,,,,,193.81856923333336,194.75878530833336,63.0,83.0,601.0,191.209298,194.687554,B:maj,78.0
1920,194.25335123333335,193.817989524,0.0,0.0,222.0,194.25335123333335,194.53233635000004,66.0,100.0,258.0,,,,,,194.25335123333335,194.88559672500003,59.0,58.0,602.0,191.209298,194.687554,B:maj,78.0
1921,194.47074223333337,193.817989524,0.0,0.0,222.0,194.47074223333337,195.34755260000003,67.0,89.0,259.0,,,,,,194.25335123333335,194.88559672500003,59.0,58.0,602.0,191.209298,194.687554,B:maj,78.0
1922,194.53233635000004,193.817989524,0.0,0.0,222.0,194.47074223333337,195.34755260000003,67.0,89.0,259.0,,,,,,194.25335123333335,194.88559672500003,59.0,58.0,602.0,191.209298,194.687554,B:maj,78.0
1923,194.687553524,194.687553524,1.0,1.0,223.0,194.47074223333337,195.34755260000003,67.0,89.0,259.0,,,,,,194.25335123333335,194.88559672500003,59.0,58.0,602.0,191.209298,194.687554,B:maj,78.0
1924,194.687554,194.687553524,1.0,1.0,223.0,194.47074223333337,195.34755260000003,67.0,89.0,259.0,,,,,,194.25335123333335,194.88559672500003,59.0,58.0,602.0,194.687554,196.426682,E:min,79.0
1925,194.68813323333336,194.687553524,1.0,1.0,223.0,194.47074223333337,195.34755260000003,67.0,89.0,259.0,,,,,,194.68813323333336,196.07943563333336,40.0,72.0,603.0,194.687554,196.426682,E:min,79.0
1926,194.74248098333337,194.687553524,1.0,1.0,223.0,194.47074223333337,195.34755260000003,67.0,89.0,259.0,,,,,,194.68813323333336,196.07943563333336,40.0,72.0,603.0,194.687554,196.426682,E:min,79.0
1927,194.75878530833336,194.687553524,1.0,1.0,223.0,194.47074223333337,195.34755260000003,67.0,89.0,259.0,,,,,,194.68813323333336,196.07943563333336,40.0,72.0,603.0,194.687554,196.426682,E:min,79.0
1928,194.88559672500003,194.687553524,1.0,1.0,223.0,194.47074223333337,195.34755260000003,67.0,89.0,259.0,,,,,,194.68813323333336,196.07943563333336,40.0,72.0,603.0,194.687554,196.426682,E:min,79.0
1929,195.12291523333337,194.687553524,1.0,1.0,223.0,194.47074223333337,195.34755260000003,67.0,89.0,259.0,,,,,,195.12291523333337,196.13378338333337,47.0,42.0,604.0,194.687554,196.426682,E:min,79.0
1930,195.34030623333337,194.687553524,1.0,1.0,223.0,195.34030623333337,195.45443650833337,59.0,86.0,260.0,,,,,,195.12291523333337,196.13378338333337,47.0,42.0,604.0,194.687554,196.426682,E:min,79.0
1931,195.34755260000003,194.687553524,1.0,1.0,223.0,195.34030623333337,195.45443650833337,59.0,86.0,260.0,,,,,,195.12291523333337,196.13378338333337,47.0,42.0,604.0,194.687554,196.426682,E:min,79.0
1932,195.45443650833337,194.687553524,1.0,1.0,223.0,195.34030623333337,195.45443650833337,59.0,86.0,260.0,,,,,,195.12291523333337,196.13378338333337,47.0,42.0,604.0,194.687554,196.426682,E:min,79.0
1933,195.557117524,195.557117524,0.0,0.0,224.0,,,,,,,,,,,195.12291523333337,196.13378338333337,47.0,42.0,604.0,194.687554,196.426682,E:min,79.0
1934,195.55769723333336,195.557117524,0.0,0.0,224.0,195.55769723333336,195.95081262500003,59.0,90.0,261.0,,,,,,195.55769723333336,196.38559462500004,64.0,66.0,605.0,194.687554,196.426682,E:min,79.0
1935,195.55769723333336,195.557117524,0.0,0.0,224.0,195.55769723333336,195.95081262500003,59.0,90.0,261.0,,,,,,195.55769723333336,196.42726123333333,67.0,63.0,606.0,194.687554,196.426682,E:min,79.0
1936,195.95081262500003,195.557117524,0.0,0.0,224.0,195.55769723333336,195.95081262500003,59.0,90.0,261.0,,,,,,195.55769723333336,196.42726123333333,67.0,63.0,606.0,194.687554,196.426682,E:min,79.0
1937,195.99247923333337,195.557117524,0.0,0.0,224.0,195.99247923333337,196.32037732500004,62.0,82.0,262.0,,,,,,195.99247923333337,196.41276850000003,59.0,56.0,607.0,194.687554,196.426682,E:min,79.0
1938,196.07943563333336,195.557117524,0.0,0.0,224.0,195.99247923333337,196.32037732500004,62.0,82.0,262.0,,,,,,195.99247923333337,196.41276850000003,59.0,56.0,607.0,194.687554,196.426682,E:min,79.0
1939,196.13378338333337,195.557117524,0.0,0.0,224.0,195.99247923333337,196.32037732500004,62.0,82.0,262.0,,,,,,195.99247923333337,196.41276850000003,59.0,56.0,607.0,194.687554,196.426682,E:min,79.0
1940,196.32037732500004,195.557117524,0.0,0.0,224.0,195.99247923333337,196.32037732500004,62.0,82.0,262.0,,,,,,195.99247923333337,196.41276850000003,59.0,56.0,607.0,194.687554,196.426682,E:min,79.0
1941,196.38559462500004,195.557117524,0.0,0.0,224.0,,,,,,,,,,,195.99247923333337,196.41276850000003,59.0,56.0,607.0,194.687554,196.426682,E:min,79.0
1942,196.41276850000003,195.557117524,0.0,0.0,224.0,,,,,,,,,,,195.99247923333337,196.41276850000003,59.0,56.0,607.0,194.687554,196.426682,E:min,79.0
1943,196.426681524,196.426681524,1.0,0.0,225.0,,,,,,,,,,,,,,,,194.687554,196.426682,E:min,79.0
1944,196.426682,196.426681524,1.0,0.0,225.0,,,,,,,,,,,,,,,,196.426682,198.16581,A:7,80.0
1945,196.42726123333333,196.426681524,1.0,0.0,225.0,196.42726123333333,196.87291278333336,62.0,97.0,263.0,,,,,,196.42726123333333,197.38921640833337,45.0,81.0,608.0,196.426682,198.16581,A:7,80.0
1946,196.86204323333337,196.426681524,1.0,0.0,225.0,196.42726123333333,196.87291278333336,62.0,97.0,263.0,,,,,,196.86204323333337,197.3982743666667,57.0,77.0,609.0,196.426682,198.16581,A:7,80.0
1947,196.87291278333336,196.426681524,1.0,0.0,225.0,196.42726123333333,196.87291278333336,62.0,97.0,263.0,,,,,,196.86204323333337,197.3982743666667,57.0,77.0,609.0,196.426682,198.16581,A:7,80.0
1948,197.296245524,197.296245524,0.0,0.0,226.0,,,,,,,,,,,196.86204323333337,197.3982743666667,57.0,77.0,609.0,196.426682,198.16581,A:7,80.0
1949,197.29682523333332,197.296245524,0.0,0.0,226.0,197.29682523333332,197.48885395,65.0,112.0,264.0,,,,,,197.29682523333332,198.18450515000004,67.0,76.0,610.0,196.426682,198.16581,A:7,80.0
1950,197.29682523333332,197.296245524,0.0,0.0,226.0,197.29682523333332,197.48885395,65.0,112.0,264.0,,,,,,197.29682523333332,198.21530220833336,64.0,74.0,611.0,196.426682,198.16581,A:7,80.0
1951,197.29682523333332,197.296245524,0.0,0.0,226.0,197.29682523333332,197.48885395,65.0,112.0,264.0,,,,,,197.29682523333332,198.2189253916667,61.0,68.0,612.0,196.426682,198.16581,A:7,80.0
1952,197.38921640833337,197.296245524,0.0,0.0,226.0,197.29682523333332,197.48885395,65.0,112.0,264.0,,,,,,197.29682523333332,198.2189253916667,61.0,68.0,612.0,196.426682,198.16581,A:7,80.0
1953,197.3982743666667,197.296245524,0.0,0.0,226.0,197.29682523333332,197.48885395,65.0,112.0,264.0,,,,,,197.29682523333332,198.2189253916667,61.0,68.0,612.0,196.426682,198.16581,A:7,80.0
1954,197.48885395,197.296245524,0.0,0.0,226.0,197.29682523333332,197.48885395,65.0,112.0,264.0,,,,,,197.29682523333332,198.2189253916667,61.0,68.0,612.0,196.426682,198.16581,A:7,80.0
1955,197.51421623333337,197.296245524,0.0,0.0,226.0,197.51421623333337,198.05407055000003,64.0,89.0,265.0,,,,,,197.29682523333332,198.2189253916667,61.0,68.0,612.0,196.426682,198.16581,A:7,80.0
1956,198.05407055000003,197.296245524,0.0,0.0,226.0,197.51421623333337,198.05407055000003,64.0,89.0,265.0,,,,,,197.29682523333332,198.2189253916667,61.0,68.0,612.0,196.426682,198.16581,A:7,80.0
1957,198.165809524,198.165809524,1.0,1.0,227.0,,,,,,,,,,,197.29682523333332,198.2189253916667,61.0,68.0,612.0,196.426682,198.16581,A:7,80.0
1958,198.16581,198.165809524,1.0,1.0,227.0,,,,,,,,,,,197.29682523333332,198.2189253916667,61.0,68.0,612.0,198.16581,201.644066,D:maj,81.0
1959,198.16638923333335,198.165809524,1.0,1.0,227.0,198.16638923333335,200.50334248333337,62.0,90.0,266.0,,,,,,198.16638923333335,200.97254472500003,38.0,66.0,613.0,198.16581,201.644066,D:maj,81.0
1960,198.18450515000004,198.165809524,1.0,1.0,227.0,198.16638923333335,200.50334248333337,62.0,90.0,266.0,,,,,,198.16638923333335,200.97254472500003,38.0,66.0,613.0,198.16581,201.644066,D:maj,81.0
1961,198.21530220833336,198.165809524,1.0,1.0,227.0,198.16638923333335,200.50334248333337,62.0,90.0,266.0,,,,,,198.16638923333335,200.97254472500003,38.0,66.0,613.0,198.16581,201.644066,D:maj,81.0
1962,198.2189253916667,198.165809524,1.0,1.0,227.0,198.16638923333335,200.50334248333337,62.0,90.0,266.0,,,,,,198.16638923333335,200.97254472500003,38.0,66.0,613.0,198.16581,201.644066,D:maj,81.0
1963,198.60117123333336,198.165809524,1.0,1.0,227.0,198.16638923333335,200.50334248333337,62.0,90.0,266.0,,,,,,198.60117123333336,201.0069649666667,45.0,61.0,614.0,198.16581,201.644066,D:maj,81.0
1964,199.035373524,199.035373524,0.0,0.0,228.0,198.16638923333335,200.50334248333337,62.0,90.0,266.0,,,,,,198.60117123333336,201.0069649666667,45.0,61.0,614.0,198.16581,201.644066,D:maj,81.0
1965,199.03595323333337,199.035373524,0.0,0.0,228.0,198.16638923333335,200.50334248333337,62.0,90.0,266.0,,,,,,199.03595323333337,199.82580720000004,62.0,85.0,615.0,198.16581,201.644066,D:maj,81.0
1966,199.47073523333336,199.035373524,0.0,0.0,228.0,198.16638923333335,200.50334248333337,62.0,90.0,266.0,,,,,,199.47073523333336,200.1210966416667,50.0,62.0,616.0,198.16581,201.644066,D:maj,81.0
1967,199.82580720000004,199.035373524,0.0,0.0,228.0,198.16638923333335,200.50334248333337,62.0,90.0,266.0,,,,,,199.47073523333336,200.1210966416667,50.0,62.0,616.0,198.16581,201.644066,D:maj,81.0
1968,199.904937524,199.904937524,1.0,0.0,229.0,198.16638923333335,200.50334248333337,62.0,90.0,266.0,,,,,,199.47073523333336,200.1210966416667,50.0,62.0,616.0,198.16581,201.644066,D:maj,81.0
1969,199.90551723333337,199.904937524,1.0,0.0,229.0,198.16638923333335,200.50334248333337,62.0,90.0,266.0,,,,,,199.90551723333337,201.61747135833335,66.0,83.0,617.0,198.16581,201.644066,D:maj,81.0
1970,199.90551723333337,199.904937524,1.0,0.0,229.0,198.16638923333335,200.50334248333337,62.0,90.0,266.0,,,,,,199.90551723333337,200.6374002666667,62.0,76.0,618.0,198.16581,201.644066,D:maj,81.0
1971,199.90551723333337,199.904937524,1.0,0.0,229.0,198.16638923333335,200.50334248333337,62.0,90.0,266.0,,,,,,199.90551723333337,200.69355960833337,57.0,76.0,619.0,198.16581,201.644066,D:maj,81.0
1972,200.1210966416667,199.904937524,1.0,0.0,229.0,198.16638923333335,200.50334248333337,62.0,90.0,266.0,,,,,,199.90551723333337,200.69355960833337,57.0,76.0,619.0,198.16581,201.644066,D:maj,81.0
1973,200.34029923333333,199.904937524,1.0,0.0,229.0,198.16638923333335,200.50334248333337,62.0,90.0,266.0,,,,,,200.34029923333333,201.07399385833332,50.0,55.0,620.0,198.16581,201.644066,D:maj,81.0
1974,200.50334248333337,199.904937524,1.0,0.0,229.0,198.16638923333335,200.50334248333337,62.0,90.0,266.0,,,,,,200.34029923333333,201.07399385833332,50.0,55.0,620.0,198.16581,201.644066,D:maj,81.0
1975,200.6374002666667,199.904937524,1.0,0.0,229.0,,,,,,,,,,,200.34029923333333,201.07399385833332,50.0,55.0,620.0,198.16581,201.644066,D:maj,81.0
1976,200.69355960833337,199.904937524,1.0,0.0,229.0,,,,,,,,,,,200.34029923333333,201.07399385833332,50.0,55.0,620.0,198.16581,201.644066,D:maj,81.0
1977,200.774501524,200.774501524,0.0,0.0,230.0,,,,,,,,,,,200.34029923333333,201.07399385833332,50.0,55.0,620.0,198.16581,201.644066,D:maj,81.0
1978,200.77508123333337,200.774501524,0.0,0.0,230.0,200.77508123333337,201.0649359,66.0,127.0,267.0,,,,,,200.77508123333337,201.6863118416667,62.0,97.0,621.0,198.16581,201.644066,D:maj,81.0
1979,200.97254472500003,200.774501524,0.0,0.0,230.0,200.77508123333337,201.0649359,66.0,127.0,267.0,,,,,,200.77508123333337,201.6863118416667,62.0,97.0,621.0,198.16581,201.644066,D:maj,81.0
1980,201.0069649666667,200.774501524,0.0,0.0,230.0,200.77508123333337,201.0649359,66.0,127.0,267.0,,,,,,200.77508123333337,201.6863118416667,62.0,97.0,621.0,198.16581,201.644066,D:maj,81.0
1981,201.0649359,200.774501524,0.0,0.0,230.0,200.77508123333337,201.0649359,66.0,127.0,267.0,,,,,,200.77508123333337,201.6863118416667,62.0,97.0,621.0,198.16581,201.644066,D:maj,81.0
1982,201.07399385833332,200.774501524,0.0,0.0,230.0,,,,,,,,,,,200.77508123333337,201.6863118416667,62.0,97.0,621.0,198.16581,201.644066,D:maj,81.0
1983,201.20986323333332,200.774501524,0.0,0.0,230.0,201.20986323333332,201.45986288333336,67.0,93.0,268.0,,,,,,201.20986323333332,201.80225370833332,57.0,64.0,622.0,198.16581,201.644066,D:maj,81.0
1984,201.45986288333336,200.774501524,0.0,0.0,230.0,201.20986323333332,201.45986288333336,67.0,93.0,268.0,,,,,,201.20986323333332,201.80225370833332,57.0,64.0,622.0,198.16581,201.644066,D:maj,81.0
1985,201.61747135833335,200.774501524,0.0,0.0,230.0,,,,,,,,,,,201.20986323333332,201.80225370833332,57.0,64.0,622.0,198.16581,201.644066,D:maj,81.0
1986,201.644065524,201.644065524,1.0,1.0,231.0,,,,,,,,,,,201.20986323333332,201.80225370833332,57.0,64.0,622.0,198.16581,201.644066,D:maj,81.0
1987,201.644066,201.644065524,1.0,1.0,231.0,,,,,,,,,,,201.20986323333332,201.80225370833332,57.0,64.0,622.0,201.644066,205.122322,F#:dim,82.0
1988,201.64464523333336,201.644065524,1.0,1.0,231.0,201.64464523333336,202.00334038333332,69.0,117.0,269.0,,,,,,201.64464523333336,203.27507773333335,42.0,97.0,623.0,201.644066,205.122322,F#:dim,82.0
1989,201.6863118416667,201.644065524,1.0,1.0,231.0,201.64464523333336,202.00334038333332,69.0,117.0,269.0,,,,,,201.64464523333336,203.27507773333335,42.0,97.0,623.0,201.644066,205.122322,F#:dim,82.0
1990,201.80225370833332,201.644065524,1.0,1.0,231.0,201.64464523333336,202.00334038333332,69.0,117.0,269.0,,,,,,201.64464523333336,203.27507773333335,42.0,97.0,623.0,201.644066,205.122322,F#:dim,82.0
1991,202.00334038333332,201.644065524,1.0,1.0,231.0,201.64464523333336,202.00334038333332,69.0,117.0,269.0,,,,,,201.64464523333336,203.27507773333335,42.0,97.0,623.0,201.644066,205.122322,F#:dim,82.0
1992,202.07942723333335,201.644065524,1.0,1.0,231.0,,,,,,,,,,,202.07942723333335,202.73160023333332,54.0,61.0,624.0,201.644066,205.122322,F#:dim,82.0
1993,202.29681823333337,201.644065524,1.0,1.0,231.0,202.29681823333337,202.73703500833335,69.0,102.0,270.0,,,,,,202.07942723333335,202.73160023333332,54.0,61.0,624.0,201.644066,205.122322,F#:dim,82.0
1994,202.513629524,202.513629524,0.0,0.0,232.0,202.29681823333337,202.73703500833335,69.0,102.0,270.0,,,,,,202.07942723333335,202.73160023333332,54.0,61.0,624.0,201.644066,205.122322,F#:dim,82.0
1995,202.51420923333336,202.513629524,0.0,0.0,232.0,202.29681823333337,202.73703500833335,69.0,102.0,270.0,,,,,,202.51420923333336,203.2460922666667,57.0,97.0,625.0,201.644066,205.122322,F#:dim,82.0
1996,202.73160023333332,202.513629524,0.0,0.0,232.0,202.29681823333337,202.73703500833335,69.0,102.0,270.0,,,,,,202.51420923333336,203.2460922666667,57.0,97.0,625.0,201.644066,205.122322,F#:dim,82.0
1997,202.73703500833335,202.513629524,0.0,0.0,232.0,202.29681823333337,202.73703500833335,69.0,102.0,270.0,,,,,,202.51420923333336,203.2460922666667,57.0,97.0,625.0,201.644066,205.122322,F#:dim,82.0
1998,202.94899123333337,202.513629524,0.0,0.0,232.0,202.94899123333337,203.04138240833336,69.0,102.0,271.0,,,,,,202.94899123333337,203.53232375,54.0,65.0,626.0,201.644066,205.122322,F#:dim,82.0
1999,203.04138240833336,202.513629524,0.0,0.0,232.0,202.94899123333337,203.04138240833336,69.0,102.0,271.0,,,,,,202.94899123333337,203.53232375,54.0,65.0,626.0,201.644066,205.122322,F#:dim,82.0
2000,203.16638223333337,202.513629524,0.0,0.0,232.0,203.16638223333337,203.4852223666667,69.0,112.0,272.0,,,,,,202.94899123333337,203.53232375,54.0,65.0,626.0,201.644066,205.122322,F#:dim,82.0
2001,203.2460922666667,202.513629524,0.0,0.0,232.0,203.16638223333337,203.4852223666667,69.0,112.0,272.0,,,,,,202.94899123333337,203.53232375,54.0,65.0,626.0,201.644066,205.122322,F#:dim,82.0
2002,203.27507773333335,202.513629524,0.0,0.0,232.0,203.16638223333337,203.4852223666667,69.0,112.0,272.0,,,,,,202.94899123333337,203.53232375,54.0,65.0,626.0,201.644066,205.122322,F#:dim,82.0
2003,203.383193524,203.383193524,1.0,0.0,233.0,203.16638223333337,203.4852223666667,69.0,112.0,272.0,,,,,,202.94899123333337,203.53232375,54.0,65.0,626.0,201.644066,205.122322,F#:dim,82.0
2004,203.38377323333336,203.383193524,1.0,0.0,233.0,203.16638223333337,203.4852223666667,69.0,112.0,272.0,,,,,,203.38377323333336,204.19898948333335,60.0,78.0,627.0,201.644066,205.122322,F#:dim,82.0
2005,203.38377323333336,203.383193524,1.0,0.0,233.0,203.16638223333337,203.4852223666667,69.0,112.0,272.0,,,,,,203.38377323333336,204.23703290833336,57.0,78.0,628.0,201.644066,205.122322,F#:dim,82.0
2006,203.38377323333336,203.383193524,1.0,0.0,233.0,203.16638223333337,203.4852223666667,69.0,112.0,272.0,,,,,,203.38377323333336,204.57580055000005,42.0,71.0,629.0,201.644066,205.122322,F#:dim,82.0
2007,203.4852223666667,203.383193524,1.0,0.0,233.0,203.16638223333337,203.4852223666667,69.0,112.0,272.0,,,,,,203.38377323333336,204.57580055000005,42.0,71.0,629.0,201.644066,205.122322,F#:dim,82.0
2008,203.53232375,203.383193524,1.0,0.0,233.0,,,,,,,,,,,203.38377323333336,204.57580055000005,42.0,71.0,629.0,201.644066,205.122322,F#:dim,82.0
2009,203.81855523333337,203.383193524,1.0,0.0,233.0,203.81855523333337,203.90188845000003,67.0,93.0,273.0,,,,,,203.81855523333337,204.3910182,54.0,50.0,630.0,201.644066,205.122322,F#:dim,82.0
2010,203.90188845000003,203.383193524,1.0,0.0,233.0,203.81855523333337,203.90188845000003,67.0,93.0,273.0,,,,,,203.81855523333337,204.3910182,54.0,50.0,630.0,201.644066,205.122322,F#:dim,82.0
2011,204.03594623333336,203.383193524,1.0,0.0,233.0,204.03594623333336,204.3330472666667,67.0,100.0,274.0,,,,,,203.81855523333337,204.3910182,54.0,50.0,630.0,201.644066,205.122322,F#:dim,82.0
2012,204.19898948333335,203.383193524,1.0,0.0,233.0,204.03594623333336,204.3330472666667,67.0,100.0,274.0,,,,,,203.81855523333337,204.3910182,54.0,50.0,630.0,201.644066,205.122322,F#:dim,82.0
2013,204.23703290833336,203.383193524,1.0,0.0,233.0,204.03594623333336,204.3330472666667,67.0,100.0,274.0,,,,,,203.81855523333337,204.3910182,54.0,50.0,630.0,201.644066,205.122322,F#:dim,82.0
2014,204.252757524,204.252757524,0.0,0.0,234.0,204.03594623333336,204.3330472666667,67.0,100.0,274.0,,,,,,203.81855523333337,204.3910182,54.0,50.0,630.0,201.644066,205.122322,F#:dim,82.0
2015,204.25333723333333,204.252757524,0.0,0.0,234.0,204.03594623333336,204.3330472666667,67.0,100.0,274.0,,,,,,204.25333723333333,205.0884809916667,60.0,81.0,631.0,201.644066,205.122322,F#:dim,82.0
2016,204.25333723333333,204.252757524,0.0,0.0,234.0,204.03594623333336,204.3330472666667,67.0,100.0,274.0,,,,,,204.25333723333333,205.0884809916667,57.0,48.0,632.0,201.644066,205.122322,F#:dim,82.0
2017,204.3330472666667,204.252757524,0.0,0.0,234.0,204.03594623333336,204.3330472666667,67.0,100.0,274.0,,,,,,204.25333723333333,205.0884809916667,57.0,48.0,632.0,201.644066,205.122322,F#:dim,82.0
2018,204.3910182,204.252757524,0.0,0.0,234.0,,,,,,,,,,,204.25333723333333,205.0884809916667,57.0,48.0,632.0,201.644066,205.122322,F#:dim,82.0
2019,204.47072823333335,204.252757524,0.0,0.0,234.0,204.47072823333335,204.842104525,66.0,102.0,275.0,,,,,,204.25333723333333,205.0884809916667,57.0,48.0,632.0,201.644066,205.122322,F#:dim,82.0
2020,204.57580055000005,204.252757524,0.0,0.0,234.0,204.47072823333335,204.842104525,66.0,102.0,275.0,,,,,,204.25333723333333,205.0884809916667,57.0,48.0,632.0,201.644066,205.122322,F#:dim,82.0
2021,204.842104525,204.252757524,0.0,0.0,234.0,204.47072823333335,204.842104525,66.0,102.0,275.0,,,,,,204.25333723333333,205.0884809916667,57.0,48.0,632.0,201.644066,205.122322,F#:dim,82.0
2022,205.0884809916667,204.252757524,0.0,0.0,234.0,,,,,,,,,,,204.25333723333333,205.0884809916667,57.0,48.0,632.0,201.644066,205.122322,F#:dim,82.0
2023,205.122321524,205.122321524,1.0,1.0,235.0,,,,,,,,,,,,,,,,201.644066,205.122322,F#:dim,82.0
2024,205.122322,205.122321524,1.0,1.0,235.0,,,,,,,,,,,,,,,,205.122322,208.600578,B:maj,83.0
2025,205.12290123333332,205.122321524,1.0,1.0,235.0,205.12290123333332,205.4200022666667,66.0,117.0,276.0,,,,,,205.12290123333332,207.96528855833336,47.0,73.0,633.0,205.122322,208.600578,B:maj,83.0
2026,205.4200022666667,205.122321524,1.0,1.0,235.0,205.12290123333332,205.4200022666667,66.0,117.0,276.0,,,,,,205.12290123333332,207.96528855833336,47.0,73.0,633.0,205.122322,208.600578,B:maj,83.0
2027,205.55768323333336,205.122321524,1.0,1.0,235.0,205.55768323333336,205.69355260833336,66.0,102.0,277.0,,,,,,205.55768323333336,207.8058684916667,54.0,79.0,634.0,205.122322,208.600578,B:maj,83.0
2028,205.69355260833336,205.122321524,1.0,1.0,235.0,205.55768323333336,205.69355260833336,66.0,102.0,277.0,,,,,,205.55768323333336,207.8058684916667,54.0,79.0,634.0,205.122322,208.600578,B:maj,83.0
2029,205.77507423333336,205.122321524,1.0,1.0,235.0,205.77507423333336,206.1591316666667,66.0,112.0,278.0,,,,,,205.55768323333336,207.8058684916667,54.0,79.0,634.0,205.122322,208.600578,B:maj,83.0
2030,205.991885524,205.991885524,0.0,0.0,236.0,205.77507423333336,206.1591316666667,66.0,112.0,278.0,,,,,,205.55768323333336,207.8058684916667,54.0,79.0,634.0,205.122322,208.600578,B:maj,83.0
2031,205.99246523333335,205.991885524,0.0,0.0,236.0,205.77507423333336,206.1591316666667,66.0,112.0,278.0,,,,,,205.99246523333335,206.635580275,63.0,88.0,635.0,205.122322,208.600578,B:maj,83.0
2032,206.1591316666667,205.991885524,0.0,0.0,236.0,205.77507423333336,206.1591316666667,66.0,112.0,278.0,,,,,,205.99246523333335,206.635580275,63.0,88.0,635.0,205.122322,208.600578,B:maj,83.0
2033,206.20985623333337,205.991885524,0.0,0.0,236.0,206.20985623333337,206.74427577500003,67.0,97.0,279.0,,,,,,205.99246523333335,206.635580275,63.0,88.0,635.0,205.122322,208.600578,B:maj,83.0
2034,206.42724723333336,205.991885524,0.0,0.0,236.0,206.20985623333337,206.74427577500003,67.0,97.0,279.0,,,,,,206.42724723333336,207.7786946166667,59.0,67.0,636.0,205.122322,208.600578,B:maj,83.0
2035,206.635580275,205.991885524,0.0,0.0,236.0,206.20985623333337,206.74427577500003,67.0,97.0,279.0,,,,,,206.42724723333336,207.7786946166667,59.0,67.0,636.0,205.122322,208.600578,B:maj,83.0
2036,206.74427577500003,205.991885524,0.0,0.0,236.0,206.20985623333337,206.74427577500003,67.0,97.0,279.0,,,,,,206.42724723333336,207.7786946166667,59.0,67.0,636.0,205.122322,208.600578,B:maj,83.0
2037,206.861449524,206.861449524,1.0,0.0,237.0,,,,,,,,,,,206.42724723333336,207.7786946166667,59.0,67.0,636.0,205.122322,208.600578,B:maj,83.0
2038,206.86202923333337,206.861449524,1.0,0.0,237.0,206.86202923333337,207.25333303333335,66.0,102.0,280.0,,,,,,206.86202923333337,207.6536947916667,66.0,69.0,637.0,205.122322,208.600578,B:maj,83.0
2039,206.86202923333337,206.861449524,1.0,0.0,237.0,206.86202923333337,207.25333303333335,66.0,102.0,280.0,,,,,,206.86202923333337,207.69898458333336,63.0,68.0,638.0,205.122322,208.600578,B:maj,83.0
2040,207.25333303333335,206.861449524,1.0,0.0,237.0,206.86202923333337,207.25333303333335,66.0,102.0,280.0,,,,,,206.86202923333337,207.69898458333336,63.0,68.0,638.0,205.122322,208.600578,B:maj,83.0
2041,207.6536947916667,206.861449524,1.0,0.0,237.0,,,,,,,,,,,206.86202923333337,207.69898458333336,63.0,68.0,638.0,205.122322,208.600578,B:maj,83.0
2042,207.69898458333336,206.861449524,1.0,0.0,237.0,,,,,,,,,,,206.86202923333337,207.69898458333336,63.0,68.0,638.0,205.122322,208.600578,B:maj,83.0
2043,207.731013524,207.731013524,0.0,0.0,238.0,,,,,,,,,,,,,,,,205.122322,208.600578,B:maj,83.0
2044,207.73159323333337,207.731013524,0.0,0.0,238.0,207.73159323333337,208.0178247166667,64.0,99.0,281.0,,,,,,207.73159323333337,208.69536,63.0,66.0,639.0,205.122322,208.600578,B:maj,83.0
2045,207.73159323333337,207.731013524,0.0,0.0,238.0,207.73159323333337,208.0178247166667,64.0,99.0,281.0,,,,,,207.73159323333337,208.68449045000003,66.0,74.0,640.0,205.122322,208.600578,B:maj,83.0
2046,207.7786946166667,207.731013524,0.0,0.0,238.0,207.73159323333337,208.0178247166667,64.0,99.0,281.0,,,,,,207.73159323333337,208.68449045000003,66.0,74.0,640.0,205.122322,208.600578,B:maj,83.0
2047,207.8058684916667,207.731013524,0.0,0.0,238.0,207.73159323333337,208.0178247166667,64.0,99.0,281.0,,,,,,207.73159323333337,208.68449045000003,66.0,74.0,640.0,205.122322,208.600578,B:maj,83.0
2048,207.96528855833336,207.731013524,0.0,0.0,238.0,207.73159323333337,208.0178247166667,64.0,99.0,281.0,,,,,,207.73159323333337,208.68449045000003,66.0,74.0,640.0,205.122322,208.600578,B:maj,83.0
2049,208.0178247166667,207.731013524,0.0,0.0,238.0,207.73159323333337,208.0178247166667,64.0,99.0,281.0,,,,,,207.73159323333337,208.68449045000003,66.0,74.0,640.0,205.122322,208.600578,B:maj,83.0
2050,208.16637523333333,207.731013524,0.0,0.0,238.0,208.16637523333333,208.2352157166667,66.0,95.0,282.0,,,,,,208.16637523333333,209.33122867500003,59.0,61.0,641.0,205.122322,208.600578,B:maj,83.0
2051,208.2352157166667,207.731013524,0.0,0.0,238.0,208.16637523333333,208.2352157166667,66.0,95.0,282.0,,,,,,208.16637523333333,209.33122867500003,59.0,61.0,641.0,205.122322,208.600578,B:maj,83.0
2052,208.38376623333335,207.731013524,0.0,0.0,238.0,208.38376623333335,208.9852146666667,67.0,86.0,283.0,,,,,,208.16637523333333,209.33122867500003,59.0,61.0,641.0,205.122322,208.600578,B:maj,83.0
2053,208.600577524,208.600577524,1.0,1.0,239.0,208.38376623333335,208.9852146666667,67.0,86.0,283.0,,,,,,208.16637523333333,209.33122867500003,59.0,61.0,641.0,205.122322,208.600578,B:maj,83.0
2054,208.600578,208.600577524,1.0,1.0,239.0,208.38376623333335,208.9852146666667,67.0,86.0,283.0,,,,,,208.16637523333333,209.33122867500003,59.0,61.0,641.0,208.600578,210.339706,E:min,84.0
2055,208.60115723333337,208.600577524,1.0,1.0,239.0,208.38376623333335,208.9852146666667,67.0,86.0,283.0,,,,,,208.60115723333337,209.93448870000003,40.0,78.0,642.0,208.600578,210.339706,E:min,84.0
2056,208.68449045000003,208.600577524,1.0,1.0,239.0,208.38376623333335,208.9852146666667,67.0,86.0,283.0,,,,,,208.60115723333337,209.93448870000003,40.0,78.0,642.0,208.600578,210.339706,E:min,84.0
2057,208.69536,208.600577524,1.0,1.0,239.0,208.38376623333335,208.9852146666667,67.0,86.0,283.0,,,,,,208.60115723333337,209.93448870000003,40.0,78.0,642.0,208.600578,210.339706,E:min,84.0
2058,208.9852146666667,208.600577524,1.0,1.0,239.0,208.38376623333335,208.9852146666667,67.0,86.0,283.0,,,,,,208.60115723333337,209.93448870000003,40.0,78.0,642.0,208.600578,210.339706,E:min,84.0
2059,209.03593923333332,208.600577524,1.0,1.0,239.0,,,,,,,,,,,209.03593923333332,209.95441620833336,47.0,50.0,643.0,208.600578,210.339706,E:min,84.0
2060,209.25333023333337,208.600577524,1.0,1.0,239.0,209.25333023333337,209.47615600833336,59.0,95.0,284.0,,,,,,209.03593923333332,209.95441620833336,47.0,50.0,643.0,208.600578,210.339706,E:min,84.0
2061,209.33122867500003,208.600577524,1.0,1.0,239.0,209.25333023333337,209.47615600833336,59.0,95.0,284.0,,,,,,209.03593923333332,209.95441620833336,47.0,50.0,643.0,208.600578,210.339706,E:min,84.0
2062,209.470141524,209.470141524,0.0,0.0,240.0,209.25333023333337,209.47615600833336,59.0,95.0,284.0,,,,,,209.03593923333332,209.95441620833336,47.0,50.0,643.0,208.600578,210.339706,E:min,84.0
2063,209.47072123333336,209.470141524,0.0,0.0,240.0,209.47072123333336,209.47615600833336,59.0,95.0,285.0,,,,,,209.47072123333336,209.9417350666667,52.0,73.0,644.0,208.600578,210.339706,E:min,84.0
2064,209.47072123333336,209.470141524,0.0,0.0,240.0,209.47072123333336,209.47615600833336,59.0,95.0,285.0,,,,,,209.47072123333336,210.2823143,64.0,72.0,645.0,208.600578,210.339706,E:min,84.0
2065,209.47072123333336,209.470141524,0.0,0.0,240.0,209.47072123333336,209.47615600833336,59.0,95.0,285.0,,,,,,209.47072123333336,210.34028523333336,67.0,65.0,646.0,208.600578,210.339706,E:min,84.0
2066,209.47615600833336,209.470141524,0.0,0.0,240.0,209.47072123333336,209.47615600833336,59.0,95.0,285.0,,,,,,209.47072123333336,210.34028523333336,67.0,65.0,646.0,208.600578,210.339706,E:min,84.0
2067,209.90550323333335,209.470141524,0.0,0.0,240.0,209.90550323333335,210.18267675833337,62.0,92.0,286.0,,,,,,209.90550323333335,210.34028523333336,59.0,67.0,647.0,208.600578,210.339706,E:min,84.0
2068,209.93448870000003,209.470141524,0.0,0.0,240.0,209.90550323333335,210.18267675833337,62.0,92.0,286.0,,,,,,209.90550323333335,210.34028523333336,59.0,67.0,647.0,208.600578,210.339706,E:min,84.0
2069,209.9417350666667,209.470141524,0.0,0.0,240.0,209.90550323333335,210.18267675833337,62.0,92.0,286.0,,,,,,209.90550323333335,210.34028523333336,59.0,67.0,647.0,208.600578,210.339706,E:min,84.0
2070,209.95441620833336,209.470141524,0.0,0.0,240.0,209.90550323333335,210.18267675833337,62.0,92.0,286.0,,,,,,209.90550323333335,210.34028523333336,59.0,67.0,647.0,208.600578,210.339706,E:min,84.0
2071,210.18267675833337,209.470141524,0.0,0.0,240.0,209.90550323333335,210.18267675833337,62.0,92.0,286.0,,,,,,209.90550323333335,210.34028523333336,59.0,67.0,647.0,208.600578,210.339706,E:min,84.0
2072,210.2823143,209.470141524,0.0,0.0,240.0,,,,,,,,,,,209.90550323333335,210.34028523333336,59.0,67.0,647.0,208.600578,210.339706,E:min,84.0
2073,210.339705524,210.339705524,1.0,0.0,241.0,,,,,,,,,,,209.90550323333335,210.34028523333336,59.0,67.0,647.0,208.600578,210.339706,E:min,84.0
2074,210.339706,210.339705524,1.0,0.0,241.0,,,,,,,,,,,209.90550323333335,210.34028523333336,59.0,67.0,647.0,210.339706,212.078834,A:maj,85.0
2075,210.34028523333336,210.339705524,1.0,0.0,241.0,210.34028523333336,210.98702345833337,62.0,100.0,287.0,,,,,,210.34028523333336,211.42905182500004,45.0,86.0,648.0,210.339706,212.078834,A:maj,85.0
2076,210.77506723333337,210.339705524,1.0,0.0,241.0,210.34028523333336,210.98702345833337,62.0,100.0,287.0,,,,,,210.77506723333337,211.3330374666667,52.0,60.0,649.0,210.339706,212.078834,A:maj,85.0
2077,210.98702345833337,210.339705524,1.0,0.0,241.0,210.34028523333336,210.98702345833337,62.0,100.0,287.0,,,,,,210.77506723333337,211.3330374666667,52.0,60.0,649.0,210.339706,212.078834,A:maj,85.0
2078,211.209269524,211.209269524,0.0,0.0,242.0,,,,,,,,,,,210.77506723333337,211.3330374666667,52.0,60.0,649.0,210.339706,212.078834,A:maj,85.0
2079,211.20984923333336,211.209269524,0.0,0.0,242.0,211.20984923333336,211.99970320000003,61.0,96.0,288.0,,,,,,211.20984923333336,212.07941323333336,61.0,81.0,650.0,210.339706,212.078834,A:maj,85.0
2080,211.20984923333336,211.209269524,0.0,0.0,242.0,211.20984923333336,211.99970320000003,61.0,96.0,288.0,,,,,,211.20984923333336,212.07941323333336,64.0,68.0,651.0,210.339706,212.078834,A:maj,85.0
2081,211.20984923333336,211.209269524,0.0,0.0,242.0,211.20984923333336,211.99970320000003,61.0,96.0,288.0,,,,,,211.20984923333336,212.07941323333336,57.0,66.0,652.0,210.339706,212.078834,A:maj,85.0
2082,211.3330374666667,211.209269524,0.0,0.0,242.0,211.20984923333336,211.99970320000003,61.0,96.0,288.0,,,,,,211.20984923333336,212.07941323333336,57.0,66.0,652.0,210.339706,212.078834,A:maj,85.0
2083,211.42905182500004,211.209269524,0.0,0.0,242.0,211.20984923333336,211.99970320000003,61.0,96.0,288.0,,,,,,211.20984923333336,212.07941323333336,57.0,66.0,652.0,210.339706,212.078834,A:maj,85.0
2084,211.99970320000003,211.209269524,0.0,0.0,242.0,211.20984923333336,211.99970320000003,61.0,96.0,288.0,,,,,,211.20984923333336,212.07941323333336,57.0,66.0,652.0,210.339706,212.078834,A:maj,85.0
2085,212.078833524,212.078833524,1.0,1.0,243.0,,,,,,,,,,,211.20984923333336,212.07941323333336,57.0,66.0,652.0,210.339706,212.078834,A:maj,85.0
2086,212.078834,212.078833524,1.0,1.0,243.0,,,,,,,,,,,211.20984923333336,212.07941323333336,57.0,66.0,652.0,212.078834,213.817962,F#:dim,86.0
2087,212.07941323333336,212.078833524,1.0,1.0,243.0,212.07941323333336,212.71709350000003,69.0,117.0,289.0,,,,,,212.07941323333336,212.85115128333337,60.0,77.0,653.0,212.078834,213.817962,F#:dim,86.0
2088,212.07941323333336,212.078833524,1.0,1.0,243.0,212.07941323333336,212.71709350000003,69.0,117.0,289.0,,,,,,212.07941323333336,212.8547744666667,57.0,76.0,654.0,212.078834,213.817962,F#:dim,86.0
2089,212.07941323333336,212.078833524,1.0,1.0,243.0,212.07941323333336,212.71709350000003,69.0,117.0,289.0,,,,,,212.07941323333336,213.01600612500005,42.0,77.0,655.0,212.078834,213.817962,F#:dim,86.0
2090,212.51419523333337,212.078833524,1.0,1.0,243.0,212.07941323333336,212.71709350000003,69.0,117.0,289.0,,,,,,212.51419523333337,213.2623825916667,54.0,77.0,656.0,212.078834,213.817962,F#:dim,86.0
2091,212.71709350000003,212.078833524,1.0,1.0,243.0,212.07941323333336,212.71709350000003,69.0,117.0,289.0,,,,,,212.51419523333337,213.2623825916667,54.0,77.0,656.0,212.078834,213.817962,F#:dim,86.0
2092,212.85115128333337,212.078833524,1.0,1.0,243.0,,,,,,,,,,,212.51419523333337,213.2623825916667,54.0,77.0,656.0,212.078834,213.817962,F#:dim,86.0
2093,212.8547744666667,212.078833524,1.0,1.0,243.0,,,,,,,,,,,212.51419523333337,213.2623825916667,54.0,77.0,656.0,212.078834,213.817962,F#:dim,86.0
2094,212.948397524,212.948397524,0.0,0.0,244.0,,,,,,,,,,,212.51419523333337,213.2623825916667,54.0,77.0,656.0,212.078834,213.817962,F#:dim,86.0
2095,212.94897723333335,212.948397524,0.0,0.0,244.0,212.94897723333335,213.2841216916667,64.0,100.0,290.0,,,,,,212.94897723333335,213.2080348416667,57.0,66.0,657.0,212.078834,213.817962,F#:dim,86.0
2096,212.94897723333335,212.948397524,0.0,0.0,244.0,212.94897723333335,213.2841216916667,64.0,100.0,290.0,,,,,,212.94897723333335,213.87288898333333,60.0,85.0,658.0,212.078834,213.817962,F#:dim,86.0
2097,213.01600612500005,212.948397524,0.0,0.0,244.0,212.94897723333335,213.2841216916667,64.0,100.0,290.0,,,,,,212.94897723333335,213.87288898333333,60.0,85.0,658.0,212.078834,213.817962,F#:dim,86.0
2098,213.2080348416667,212.948397524,0.0,0.0,244.0,212.94897723333335,213.2841216916667,64.0,100.0,290.0,,,,,,212.94897723333335,213.87288898333333,60.0,85.0,658.0,212.078834,213.817962,F#:dim,86.0
2099,213.2623825916667,212.948397524,0.0,0.0,244.0,212.94897723333335,213.2841216916667,64.0,100.0,290.0,,,,,,212.94897723333335,213.87288898333333,60.0,85.0,658.0,212.078834,213.817962,F#:dim,86.0
2100,213.2841216916667,212.948397524,0.0,0.0,244.0,212.94897723333335,213.2841216916667,64.0,100.0,290.0,,,,,,212.94897723333335,213.87288898333333,60.0,85.0,658.0,212.078834,213.817962,F#:dim,86.0
2101,213.38375923333336,212.948397524,0.0,0.0,244.0,213.38375923333336,213.68810663333335,69.0,102.0,291.0,,,,,,213.38375923333336,213.6373820666667,57.0,63.0,659.0,212.078834,213.817962,F#:dim,86.0
2102,213.6373820666667,212.948397524,0.0,0.0,244.0,213.38375923333336,213.68810663333335,69.0,102.0,291.0,,,,,,213.38375923333336,213.6373820666667,57.0,63.0,659.0,212.078834,213.817962,F#:dim,86.0
2103,213.68810663333335,212.948397524,0.0,0.0,244.0,213.38375923333336,213.68810663333335,69.0,102.0,291.0,,,,,,,,,,,212.078834,213.817962,F#:dim,86.0
2104,213.817961524,213.817961524,1.0,0.0,245.0,,,,,,,,,,,,,,,,212.078834,213.817962,F#:dim,86.0
2105,213.817962,213.817961524,1.0,0.0,245.0,,,,,,,,,,,,,,,,213.817962,215.55709,B:maj,87.0
2106,213.81854123333335,213.817961524,1.0,0.0,245.0,213.81854123333335,214.42180125833335,67.0,117.0,292.0,,,,,,213.81854123333335,215.41636508333335,47.0,76.0,660.0,213.817962,215.55709,B:maj,87.0
2107,213.87288898333333,213.817961524,1.0,0.0,245.0,213.81854123333335,214.42180125833335,67.0,117.0,292.0,,,,,,213.81854123333335,215.41636508333335,47.0,76.0,660.0,213.817962,215.55709,B:maj,87.0
2108,214.25332323333336,213.817961524,1.0,0.0,245.0,213.81854123333335,214.42180125833335,67.0,117.0,292.0,,,,,,214.25332323333336,215.3656405166667,54.0,78.0,661.0,213.817962,215.55709,B:maj,87.0
2109,214.42180125833335,213.817961524,1.0,0.0,245.0,213.81854123333335,214.42180125833335,67.0,117.0,292.0,,,,,,214.25332323333336,215.3656405166667,54.0,78.0,661.0,213.817962,215.55709,B:maj,87.0
2110,214.687525524,214.687525524,0.0,0.0,246.0,,,,,,,,,,,214.25332323333336,215.3656405166667,54.0,78.0,661.0,213.817962,215.55709,B:maj,87.0
2111,214.68810523333337,214.687525524,0.0,0.0,246.0,214.68810523333337,215.11382927500003,66.0,122.0,293.0,,,,,,214.68810523333337,215.5341185416667,63.0,86.0,662.0,213.817962,215.55709,B:maj,87.0
2112,214.68810523333337,214.687525524,0.0,0.0,246.0,214.68810523333337,215.11382927500003,66.0,122.0,293.0,,,,,,214.68810523333337,215.54861127500004,66.0,83.0,663.0,213.817962,215.55709,B:maj,87.0
2113,214.68810523333337,214.687525524,0.0,0.0,246.0,214.68810523333337,215.11382927500003,66.0,122.0,293.0,,,,,,214.68810523333337,214.9362932916667,59.0,83.0,664.0,213.817962,215.55709,B:maj,87.0
2114,214.9362932916667,214.687525524,0.0,0.0,246.0,214.68810523333337,215.11382927500003,66.0,122.0,293.0,,,,,,214.68810523333337,214.9362932916667,59.0,83.0,664.0,213.817962,215.55709,B:maj,87.0
2115,215.11382927500003,214.687525524,0.0,0.0,246.0,214.68810523333337,215.11382927500003,66.0,122.0,293.0,,,,,,,,,,,213.817962,215.55709,B:maj,87.0
2116,215.12288723333336,214.687525524,0.0,0.0,246.0,,,,,,,,,,,215.12288723333336,215.5232489916667,59.0,70.0,665.0,213.817962,215.55709,B:maj,87.0
2117,215.3656405166667,214.687525524,0.0,0.0,246.0,,,,,,,,,,,215.12288723333336,215.5232489916667,59.0,70.0,665.0,213.817962,215.55709,B:maj,87.0
2118,215.41636508333335,214.687525524,0.0,0.0,246.0,,,,,,,,,,,215.12288723333336,215.5232489916667,59.0,70.0,665.0,213.817962,215.55709,B:maj,87.0
2119,215.5232489916667,214.687525524,0.0,0.0,246.0,,,,,,,,,,,215.12288723333336,215.5232489916667,59.0,70.0,665.0,213.817962,215.55709,B:maj,87.0
2120,215.5341185416667,214.687525524,0.0,0.0,246.0,,,,,,,,,,,,,,,,213.817962,215.55709,B:maj,87.0
2121,215.54861127500004,214.687525524,0.0,0.0,246.0,,,,,,,,,,,,,,,,213.817962,215.55709,B:maj,87.0
2122,215.557089524,215.557089524,1.0,1.0,247.0,,,,,,,,,,,,,,,,213.817962,215.55709,B:maj,87.0
2123,215.55709,215.557089524,1.0,1.0,247.0,,,,,,,,,,,,,,,,215.55709,217.296218,E:min,88.0
2124,215.55766923333337,215.557089524,1.0,1.0,247.0,215.55766923333337,215.89100210000004,67.0,99.0,294.0,,,,,,215.55766923333337,216.76600087500003,40.0,78.0,666.0,215.55709,217.296218,E:min,88.0
2125,215.89100210000004,215.557089524,1.0,1.0,247.0,215.55766923333337,215.89100210000004,67.0,99.0,294.0,,,,,,215.55766923333337,216.76600087500003,40.0,78.0,666.0,215.55709,217.296218,E:min,88.0
2126,215.99245123333336,215.557089524,1.0,1.0,247.0,215.99245123333336,216.2895522666667,66.0,107.0,295.0,,,,,,215.99245123333336,216.82397180833337,47.0,58.0,667.0,215.55709,217.296218,E:min,88.0
2127,216.2895522666667,215.557089524,1.0,1.0,247.0,215.99245123333336,216.2895522666667,66.0,107.0,295.0,,,,,,215.99245123333336,216.82397180833337,47.0,58.0,667.0,215.55709,217.296218,E:min,88.0
2128,216.426653524,216.426653524,0.0,0.0,248.0,,,,,,,,,,,215.99245123333336,216.82397180833337,47.0,58.0,667.0,215.55709,217.296218,E:min,88.0
2129,216.42723323333337,216.426653524,0.0,0.0,248.0,216.42723323333337,216.75331973333337,59.0,100.0,296.0,,,,,,216.42723323333337,217.23339152500003,52.0,60.0,668.0,215.55709,217.296218,E:min,88.0
2130,216.42723323333337,216.426653524,0.0,0.0,248.0,216.42723323333337,216.75331973333337,59.0,100.0,296.0,,,,,,216.42723323333337,217.31491315,67.0,75.0,669.0,215.55709,217.296218,E:min,88.0
2131,216.42723323333337,216.426653524,0.0,0.0,248.0,216.42723323333337,216.75331973333337,59.0,100.0,296.0,,,,,,216.42723323333337,217.34208702500004,64.0,77.0,670.0,215.55709,217.296218,E:min,88.0
2132,216.75331973333337,216.426653524,0.0,0.0,248.0,216.42723323333337,216.75331973333337,59.0,100.0,296.0,,,,,,216.42723323333337,217.34208702500004,64.0,77.0,670.0,215.55709,217.296218,E:min,88.0
2133,216.76600087500003,216.426653524,0.0,0.0,248.0,,,,,,,,,,,216.42723323333337,217.34208702500004,64.0,77.0,670.0,215.55709,217.296218,E:min,88.0
2134,216.82397180833337,216.426653524,0.0,0.0,248.0,,,,,,,,,,,216.42723323333337,217.34208702500004,64.0,77.0,670.0,215.55709,217.296218,E:min,88.0
2135,216.86201523333335,216.426653524,0.0,0.0,248.0,216.86201523333335,217.1102032916667,62.0,122.0,297.0,,,,,,216.86201523333335,217.39100000000005,59.0,58.0,671.0,215.55709,217.296218,E:min,88.0
2136,217.1102032916667,216.426653524,0.0,0.0,248.0,216.86201523333335,217.1102032916667,62.0,122.0,297.0,,,,,,216.86201523333335,217.39100000000005,59.0,58.0,671.0,215.55709,217.296218,E:min,88.0
2137,217.23339152500003,216.426653524,0.0,0.0,248.0,,,,,,,,,,,216.86201523333335,217.39100000000005,59.0,58.0,671.0,215.55709,217.296218,E:min,88.0
2138,217.296217524,217.296217524,1.0,0.0,249.0,,,,,,,,,,,216.86201523333335,217.39100000000005,59.0,58.0,671.0,215.55709,217.296218,E:min,88.0
2139,217.296218,217.296217524,1.0,0.0,249.0,,,,,,,,,,,216.86201523333335,217.39100000000005,59.0,58.0,671.0,217.296218,219.035346,A:maj,89.0
2140,217.29679723333336,217.296217524,1.0,0.0,249.0,217.29679723333336,217.95078182500004,62.0,107.0,298.0,,,,,,217.29679723333336,218.68266485833337,45.0,81.0,672.0,217.296218,219.035346,A:maj,89.0
2141,217.31491315,217.296217524,1.0,0.0,249.0,217.29679723333336,217.95078182500004,62.0,107.0,298.0,,,,,,217.29679723333336,218.68266485833337,45.0,81.0,672.0,217.296218,219.035346,A:maj,89.0
2142,217.34208702500004,217.296217524,1.0,0.0,249.0,217.29679723333336,217.95078182500004,62.0,107.0,298.0,,,,,,217.29679723333336,218.68266485833337,45.0,81.0,672.0,217.296218,219.035346,A:maj,89.0
2143,217.39100000000005,217.296217524,1.0,0.0,249.0,217.29679723333336,217.95078182500004,62.0,107.0,298.0,,,,,,217.29679723333336,218.68266485833337,45.0,81.0,672.0,217.296218,219.035346,A:maj,89.0
2144,217.73157923333335,217.296217524,1.0,0.0,249.0,217.29679723333336,217.95078182500004,62.0,107.0,298.0,,,,,,217.73157923333335,218.61925915000003,52.0,55.0,673.0,217.296218,219.035346,A:maj,89.0
2145,217.95078182500004,217.296217524,1.0,0.0,249.0,217.29679723333336,217.95078182500004,62.0,107.0,298.0,,,,,,217.73157923333335,218.61925915000003,52.0,55.0,673.0,217.296218,219.035346,A:maj,89.0
2146,218.165781524,218.165781524,0.0,0.0,250.0,,,,,,,,,,,217.73157923333335,218.61925915000003,52.0,55.0,673.0,217.296218,219.035346,A:maj,89.0
2147,218.16636123333336,218.165781524,0.0,0.0,250.0,218.16636123333336,218.48701295833337,66.0,112.0,299.0,,,,,,218.16636123333336,219.12831640833335,57.0,58.0,674.0,217.296218,219.035346,A:maj,89.0
2148,218.16636123333336,218.165781524,0.0,0.0,250.0,218.16636123333336,218.48701295833337,66.0,112.0,299.0,,,,,,218.16636123333336,219.21527280833337,61.0,73.0,675.0,217.296218,219.035346,A:maj,89.0
2149,218.16636123333336,218.165781524,0.0,0.0,250.0,218.16636123333336,218.48701295833337,66.0,112.0,299.0,,,,,,218.16636123333336,219.0993309416667,64.0,69.0,676.0,217.296218,219.035346,A:maj,89.0
2150,218.38375223333333,218.165781524,0.0,0.0,250.0,218.38375223333333,218.6645489416667,64.0,88.0,300.0,,,,,,218.16636123333336,219.0993309416667,64.0,69.0,676.0,217.296218,219.035346,A:maj,89.0
2151,218.48701295833337,218.165781524,0.0,0.0,250.0,218.38375223333333,218.6645489416667,64.0,88.0,300.0,,,,,,218.16636123333336,219.0993309416667,64.0,69.0,676.0,217.296218,219.035346,A:maj,89.0
2152,218.61925915000003,218.165781524,0.0,0.0,250.0,218.38375223333333,218.6645489416667,64.0,88.0,300.0,,,,,,218.16636123333336,219.0993309416667,64.0,69.0,676.0,217.296218,219.035346,A:maj,89.0
2153,218.6645489416667,218.165781524,0.0,0.0,250.0,218.38375223333333,218.6645489416667,64.0,88.0,300.0,,,,,,218.16636123333336,219.0993309416667,64.0,69.0,676.0,217.296218,219.035346,A:maj,89.0
2154,218.68266485833337,218.165781524,0.0,0.0,250.0,,,,,,,,,,,218.16636123333336,219.0993309416667,64.0,69.0,676.0,217.296218,219.035346,A:maj,89.0
2155,219.035345524,219.035345524,1.0,1.0,251.0,,,,,,,,,,,218.16636123333336,219.0993309416667,64.0,69.0,676.0,217.296218,219.035346,A:maj,89.0
2156,219.035346,219.035345524,1.0,1.0,251.0,,,,,,,,,,,218.16636123333336,219.0993309416667,64.0,69.0,676.0,219.035346,222.513602,D:maj,90.0
2157,219.03592523333336,219.035345524,1.0,1.0,251.0,219.03592523333336,220.2895466666667,62.0,96.0,301.0,,,,,,219.03592523333336,222.31490615000004,38.0,75.0,677.0,219.035346,222.513602,D:maj,90.0
2158,219.0993309416667,219.035345524,1.0,1.0,251.0,219.03592523333336,220.2895466666667,62.0,96.0,301.0,,,,,,219.03592523333336,222.31490615000004,38.0,75.0,677.0,219.035346,222.513602,D:maj,90.0
2159,219.12831640833335,219.035345524,1.0,1.0,251.0,219.03592523333336,220.2895466666667,62.0,96.0,301.0,,,,,,219.03592523333336,222.31490615000004,38.0,75.0,677.0,219.035346,222.513602,D:maj,90.0
2160,219.21527280833337,219.035345524,1.0,1.0,251.0,219.03592523333336,220.2895466666667,62.0,96.0,301.0,,,,,,219.03592523333336,222.31490615000004,38.0,75.0,677.0,219.035346,222.513602,D:maj,90.0
2161,219.47070723333337,219.035345524,1.0,1.0,251.0,219.03592523333336,220.2895466666667,62.0,96.0,301.0,,,,,,219.47070723333337,222.57034057500005,45.0,55.0,678.0,219.035346,222.513602,D:maj,90.0
2162,219.90005445833336,219.035345524,1.0,1.0,251.0,219.03592523333336,220.2895466666667,62.0,96.0,301.0,219.90005445833336,220.51599562500004,67.0,97.0,60.0,219.47070723333337,222.57034057500005,45.0,55.0,678.0,219.035346,222.513602,D:maj,90.0
2163,219.904909524,219.904909524,0.0,0.0,252.0,219.03592523333336,220.2895466666667,62.0,96.0,301.0,219.90005445833336,220.51599562500004,67.0,97.0,60.0,219.47070723333337,222.57034057500005,45.0,55.0,678.0,219.035346,222.513602,D:maj,90.0
2164,219.90548923333336,219.904909524,0.0,0.0,252.0,219.03592523333336,220.2895466666667,62.0,96.0,301.0,219.90005445833336,220.51599562500004,67.0,97.0,60.0,219.90548923333336,221.7188924916667,57.0,59.0,679.0,219.035346,222.513602,D:maj,90.0
2165,220.2895466666667,219.904909524,0.0,0.0,252.0,219.03592523333336,220.2895466666667,62.0,96.0,301.0,219.90005445833336,220.51599562500004,67.0,97.0,60.0,219.90548923333336,221.7188924916667,57.0,59.0,679.0,219.035346,222.513602,D:maj,90.0
2166,220.34027123333337,219.904909524,0.0,0.0,252.0,,,,,,219.90005445833336,220.51599562500004,67.0,97.0,60.0,220.34027123333337,220.94353125833337,50.0,51.0,680.0,219.035346,222.513602,D:maj,90.0
2167,220.51599562500004,219.904909524,0.0,0.0,252.0,,,,,,219.90005445833336,220.51599562500004,67.0,97.0,60.0,220.34027123333337,220.94353125833337,50.0,51.0,680.0,219.035346,222.513602,D:maj,90.0
2168,220.5649086,219.904909524,0.0,0.0,252.0,,,,,,220.5649086,221.59570425833337,66.0,96.0,61.0,220.34027123333337,220.94353125833337,50.0,51.0,680.0,219.035346,222.513602,D:maj,90.0
2169,220.774473524,220.774473524,1.0,0.0,253.0,,,,,,220.5649086,221.59570425833337,66.0,96.0,61.0,220.34027123333337,220.94353125833337,50.0,51.0,680.0,219.035346,222.513602,D:maj,90.0
2170,220.77505323333335,220.774473524,1.0,0.0,253.0,,,,,,220.5649086,221.59570425833337,66.0,96.0,61.0,220.77505323333335,221.47251602500003,62.0,69.0,681.0,219.035346,222.513602,D:maj,90.0
2171,220.94353125833337,220.774473524,1.0,0.0,253.0,,,,,,220.5649086,221.59570425833337,66.0,96.0,61.0,220.77505323333335,221.47251602500003,62.0,69.0,681.0,219.035346,222.513602,D:maj,90.0
2172,221.20983523333337,220.774473524,1.0,0.0,253.0,,,,,,220.5649086,221.59570425833337,66.0,96.0,61.0,221.20983523333337,222.04135580833335,50.0,56.0,682.0,219.035346,222.513602,D:maj,90.0
2173,221.47251602500003,220.774473524,1.0,0.0,253.0,,,,,,220.5649086,221.59570425833337,66.0,96.0,61.0,221.20983523333337,222.04135580833335,50.0,56.0,682.0,219.035346,222.513602,D:maj,90.0
2174,221.59570425833337,220.774473524,1.0,0.0,253.0,,,,,,220.5649086,221.59570425833337,66.0,96.0,61.0,221.20983523333337,222.04135580833335,50.0,56.0,682.0,219.035346,222.513602,D:maj,90.0
2175,221.59751585000004,220.774473524,1.0,0.0,253.0,,,,,,221.59751585000004,223.0395428166667,64.0,76.0,62.0,221.20983523333337,222.04135580833335,50.0,56.0,682.0,219.035346,222.513602,D:maj,90.0
2176,221.644037524,221.644037524,0.0,0.0,254.0,,,,,,221.59751585000004,223.0395428166667,64.0,76.0,62.0,221.20983523333337,222.04135580833335,50.0,56.0,682.0,219.035346,222.513602,D:maj,90.0
2177,221.64461723333335,221.644037524,0.0,0.0,254.0,,,,,,221.59751585000004,223.0395428166667,64.0,76.0,62.0,221.64461723333335,223.1518615,62.0,69.0,683.0,219.035346,222.513602,D:maj,90.0
2178,221.64461723333335,221.644037524,0.0,0.0,254.0,,,,,,221.59751585000004,223.0395428166667,64.0,76.0,62.0,221.64461723333335,223.2623685916667,66.0,78.0,684.0,219.035346,222.513602,D:maj,90.0
2179,221.7188924916667,221.644037524,0.0,0.0,254.0,,,,,,221.59751585000004,223.0395428166667,64.0,76.0,62.0,221.64461723333335,223.2623685916667,66.0,78.0,684.0,219.035346,222.513602,D:maj,90.0
2180,222.04135580833335,221.644037524,0.0,0.0,254.0,,,,,,221.59751585000004,223.0395428166667,64.0,76.0,62.0,221.64461723333335,223.2623685916667,66.0,78.0,684.0,219.035346,222.513602,D:maj,90.0
2181,222.07939923333336,221.644037524,0.0,0.0,254.0,,,,,,221.59751585000004,223.0395428166667,64.0,76.0,62.0,222.07939923333336,223.25512222500004,57.0,56.0,685.0,219.035346,222.513602,D:maj,90.0
2182,222.31490615000004,221.644037524,0.0,0.0,254.0,,,,,,221.59751585000004,223.0395428166667,64.0,76.0,62.0,222.07939923333336,223.25512222500004,57.0,56.0,685.0,219.035346,222.513602,D:maj,90.0
2183,222.513601524,222.513601524,1.0,1.0,255.0,,,,,,221.59751585000004,223.0395428166667,64.0,76.0,62.0,222.07939923333336,223.25512222500004,57.0,56.0,685.0,219.035346,222.513602,D:maj,90.0
2184,222.513602,222.513601524,1.0,1.0,255.0,,,,,,221.59751585000004,223.0395428166667,64.0,76.0,62.0,222.07939923333336,223.25512222500004,57.0,56.0,685.0,222.513602,225.991858,D:maj,91.0
2185,222.51418123333335,222.513601524,1.0,1.0,255.0,,,,,,221.59751585000004,223.0395428166667,64.0,76.0,62.0,222.51418123333335,225.83664035000004,38.0,68.0,686.0,222.513602,225.991858,D:maj,91.0
2186,222.57034057500005,222.513601524,1.0,1.0,255.0,,,,,,221.59751585000004,223.0395428166667,64.0,76.0,62.0,222.51418123333335,225.83664035000004,38.0,68.0,686.0,222.513602,225.991858,D:maj,91.0
2187,222.94896323333336,222.513601524,1.0,1.0,255.0,,,,,,221.59751585000004,223.0395428166667,64.0,76.0,62.0,222.94896323333336,226.09207477500004,45.0,55.0,687.0,222.513602,225.991858,D:maj,91.0
2188,223.0395428166667,222.513601524,1.0,1.0,255.0,,,,,,221.59751585000004,223.0395428166667,64.0,76.0,62.0,222.94896323333336,226.09207477500004,45.0,55.0,687.0,222.513602,225.991858,D:maj,91.0
2189,223.1518615,222.513601524,1.0,1.0,255.0,,,,,,,,,,,222.94896323333336,226.09207477500004,45.0,55.0,687.0,222.513602,225.991858,D:maj,91.0
2190,223.25512222500004,222.513601524,1.0,1.0,255.0,,,,,,,,,,,222.94896323333336,226.09207477500004,45.0,55.0,687.0,222.513602,225.991858,D:maj,91.0
2191,223.2623685916667,222.513601524,1.0,1.0,255.0,,,,,,,,,,,222.94896323333336,226.09207477500004,45.0,55.0,687.0,222.513602,225.991858,D:maj,91.0
2192,223.3819336416667,222.513601524,1.0,1.0,255.0,,,,,,223.3819336416667,224.02686027500005,67.0,90.0,63.0,222.94896323333336,226.09207477500004,45.0,55.0,687.0,222.513602,225.991858,D:maj,91.0
2193,223.383165524,223.383165524,0.0,0.0,256.0,,,,,,223.3819336416667,224.02686027500005,67.0,90.0,63.0,222.94896323333336,226.09207477500004,45.0,55.0,687.0,222.513602,225.991858,D:maj,91.0
2194,223.38374523333337,223.383165524,0.0,0.0,256.0,,,,,,223.3819336416667,224.02686027500005,67.0,90.0,63.0,223.38374523333337,227.64098565000003,66.0,89.0,688.0,222.513602,225.991858,D:maj,91.0
2195,223.38374523333337,223.383165524,0.0,0.0,256.0,,,,,,223.3819336416667,224.02686027500005,67.0,90.0,63.0,223.38374523333337,224.13012100000003,57.0,50.0,689.0,222.513602,225.991858,D:maj,91.0
2196,223.38374523333337,223.383165524,0.0,0.0,256.0,,,,,,223.3819336416667,224.02686027500005,67.0,90.0,63.0,223.38374523333337,224.78048240833337,62.0,83.0,690.0,222.513602,225.991858,D:maj,91.0
2197,223.81852723333336,223.383165524,0.0,0.0,256.0,,,,,,223.3819336416667,224.02686027500005,67.0,90.0,63.0,223.81852723333336,224.54135230833336,50.0,56.0,691.0,222.513602,225.991858,D:maj,91.0
2198,224.02686027500005,223.383165524,0.0,0.0,256.0,,,,,,223.3819336416667,224.02686027500005,67.0,90.0,63.0,223.81852723333336,224.54135230833336,50.0,56.0,691.0,222.513602,225.991858,D:maj,91.0
2199,224.03048345833335,223.383165524,0.0,0.0,256.0,,,,,,224.03048345833335,225.15185870000005,66.0,90.0,64.0,223.81852723333336,224.54135230833336,50.0,56.0,691.0,222.513602,225.991858,D:maj,91.0
2200,224.13012100000003,223.383165524,0.0,0.0,256.0,,,,,,224.03048345833335,225.15185870000005,66.0,90.0,64.0,223.81852723333336,224.54135230833336,50.0,56.0,691.0,222.513602,225.991858,D:maj,91.0
2201,224.252729524,224.252729524,1.0,0.0,257.0,,,,,,224.03048345833335,225.15185870000005,66.0,90.0,64.0,223.81852723333336,224.54135230833336,50.0,56.0,691.0,222.513602,225.991858,D:maj,91.0
2202,224.25330923333337,224.252729524,1.0,0.0,257.0,,,,,,224.03048345833335,225.15185870000005,66.0,90.0,64.0,224.25330923333337,225.2460614666667,57.0,71.0,692.0,222.513602,225.991858,D:maj,91.0
2203,224.54135230833336,224.252729524,1.0,0.0,257.0,,,,,,224.03048345833335,225.15185870000005,66.0,90.0,64.0,224.25330923333337,225.2460614666667,57.0,71.0,692.0,222.513602,225.991858,D:maj,91.0
2204,224.68809123333335,224.252729524,1.0,0.0,257.0,,,,,,224.03048345833335,225.15185870000005,66.0,90.0,64.0,224.68809123333335,226.90185625000004,50.0,60.0,693.0,222.513602,225.991858,D:maj,91.0
2205,224.78048240833337,224.252729524,1.0,0.0,257.0,,,,,,224.03048345833335,225.15185870000005,66.0,90.0,64.0,224.68809123333335,226.90185625000004,50.0,60.0,693.0,222.513602,225.991858,D:maj,91.0
2206,225.11925005000003,224.252729524,1.0,0.0,257.0,,,,,,225.11925005000003,226.57395815833337,64.0,78.0,65.0,224.68809123333335,226.90185625000004,50.0,60.0,693.0,222.513602,225.991858,D:maj,91.0
2207,225.122293524,225.122293524,0.0,0.0,258.0,,,,,,225.11925005000003,226.57395815833337,64.0,78.0,65.0,224.68809123333335,226.90185625000004,50.0,60.0,693.0,222.513602,225.991858,D:maj,91.0
2208,225.12287323333337,225.122293524,0.0,0.0,258.0,,,,,,225.11925005000003,226.57395815833337,64.0,78.0,65.0,225.12287323333337,226.51598722500003,62.0,86.0,694.0,222.513602,225.991858,D:maj,91.0
2209,225.15185870000005,225.122293524,0.0,0.0,258.0,,,,,,225.11925005000003,226.57395815833337,64.0,78.0,65.0,225.12287323333337,226.51598722500003,62.0,86.0,694.0,222.513602,225.991858,D:maj,91.0
2210,225.2460614666667,225.122293524,0.0,0.0,258.0,,,,,,225.11925005000003,226.57395815833337,64.0,78.0,65.0,225.12287323333337,226.51598722500003,62.0,86.0,694.0,222.513602,225.991858,D:maj,91.0
2211,225.55765523333335,225.122293524,0.0,0.0,258.0,,,,,,225.11925005000003,226.57395815833337,64.0,78.0,65.0,225.55765523333335,228.65004220833336,57.0,56.0,695.0,222.513602,225.991858,D:maj,91.0
2212,225.83664035000004,225.122293524,0.0,0.0,258.0,,,,,,225.11925005000003,226.57395815833337,64.0,78.0,65.0,225.55765523333335,228.65004220833336,57.0,56.0,695.0,222.513602,225.991858,D:maj,91.0
2213,225.991857524,225.991857524,1.0,1.0,259.0,,,,,,225.11925005000003,226.57395815833337,64.0,78.0,65.0,225.55765523333335,228.65004220833336,57.0,56.0,695.0,222.513602,225.991858,D:maj,91.0
2214,225.991858,225.991857524,1.0,1.0,259.0,,,,,,225.11925005000003,226.57395815833337,64.0,78.0,65.0,225.55765523333335,228.65004220833336,57.0,56.0,695.0,225.991858,229.470114,D:maj,92.0
2215,225.99243723333336,225.991857524,1.0,1.0,259.0,,,,,,225.11925005000003,226.57395815833337,64.0,78.0,65.0,225.99243723333336,229.23699790833336,38.0,69.0,696.0,225.991858,229.470114,D:maj,92.0
2216,226.09207477500004,225.991857524,1.0,1.0,259.0,,,,,,225.11925005000003,226.57395815833337,64.0,78.0,65.0,225.99243723333336,229.23699790833336,38.0,69.0,696.0,225.991858,229.470114,D:maj,92.0
2217,226.42721923333335,225.991857524,1.0,1.0,259.0,,,,,,225.11925005000003,226.57395815833337,64.0,78.0,65.0,226.42721923333335,229.47069323333335,45.0,41.0,697.0,225.991858,229.470114,D:maj,92.0
2218,226.51598722500003,225.991857524,1.0,1.0,259.0,,,,,,225.11925005000003,226.57395815833337,64.0,78.0,65.0,226.42721923333335,229.47069323333335,45.0,41.0,697.0,225.991858,229.470114,D:maj,92.0
2219,226.57395815833337,225.991857524,1.0,1.0,259.0,,,,,,225.11925005000003,226.57395815833337,64.0,78.0,65.0,226.42721923333335,229.47069323333335,45.0,41.0,697.0,225.991858,229.470114,D:maj,92.0
2220,226.8601896416667,225.991857524,1.0,1.0,259.0,,,,,,226.8601896416667,227.53047855833336,67.0,89.0,66.0,226.42721923333335,229.47069323333335,45.0,41.0,697.0,225.991858,229.470114,D:maj,92.0
2221,226.86142152400004,226.86142152400004,0.0,0.0,260.0,,,,,,226.8601896416667,227.53047855833336,67.0,89.0,66.0,226.42721923333335,229.47069323333335,45.0,41.0,697.0,225.991858,229.470114,D:maj,92.0
2222,226.86200123333336,226.86142152400004,0.0,0.0,260.0,,,,,,226.8601896416667,227.53047855833336,67.0,89.0,66.0,226.86200123333336,227.6264929166667,62.0,78.0,698.0,225.991858,229.470114,D:maj,92.0
2223,226.90185625000004,226.86142152400004,0.0,0.0,260.0,,,,,,226.8601896416667,227.53047855833336,67.0,89.0,66.0,226.86200123333336,227.6264929166667,62.0,78.0,698.0,225.991858,229.470114,D:maj,92.0
2224,227.29678323333337,226.86142152400004,0.0,0.0,260.0,,,,,,226.8601896416667,227.53047855833336,67.0,89.0,66.0,227.29678323333337,227.9036664416667,50.0,58.0,699.0,225.991858,229.470114,D:maj,92.0
2225,227.5177974166667,226.86142152400004,0.0,0.0,260.0,,,,,,227.5177974166667,228.61924515000004,66.0,88.0,67.0,227.29678323333337,227.9036664416667,50.0,58.0,699.0,225.991858,229.470114,D:maj,92.0
2226,227.53047855833336,226.86142152400004,0.0,0.0,260.0,,,,,,227.5177974166667,228.61924515000004,66.0,88.0,67.0,227.29678323333337,227.9036664416667,50.0,58.0,699.0,225.991858,229.470114,D:maj,92.0
2227,227.6264929166667,226.86142152400004,0.0,0.0,260.0,,,,,,227.5177974166667,228.61924515000004,66.0,88.0,67.0,227.29678323333337,227.9036664416667,50.0,58.0,699.0,225.991858,229.470114,D:maj,92.0
2228,227.64098565000003,226.86142152400004,0.0,0.0,260.0,,,,,,227.5177974166667,228.61924515000004,66.0,88.0,67.0,227.29678323333337,227.9036664416667,50.0,58.0,699.0,225.991858,229.470114,D:maj,92.0
2229,227.73098552400003,227.73098552400003,1.0,0.0,261.0,,,,,,227.5177974166667,228.61924515000004,66.0,88.0,67.0,227.29678323333337,227.9036664416667,50.0,58.0,699.0,225.991858,229.470114,D:maj,92.0
2230,227.73156523333336,227.73098552400003,1.0,0.0,261.0,,,,,,227.5177974166667,228.61924515000004,66.0,88.0,67.0,227.73156523333336,228.3547527666667,62.0,63.0,700.0,225.991858,229.470114,D:maj,92.0
2231,227.73156523333336,227.73098552400003,1.0,0.0,261.0,,,,,,227.5177974166667,228.61924515000004,66.0,88.0,67.0,227.73156523333336,229.47069323333335,66.0,58.0,701.0,225.991858,229.470114,D:maj,92.0
2232,227.9036664416667,227.73098552400003,1.0,0.0,261.0,,,,,,227.5177974166667,228.61924515000004,66.0,88.0,67.0,227.73156523333336,229.47069323333335,66.0,58.0,701.0,225.991858,229.470114,D:maj,92.0
2233,228.16634723333337,227.73098552400003,1.0,0.0,261.0,,,,,,227.5177974166667,228.61924515000004,66.0,88.0,67.0,228.16634723333337,229.47069323333335,50.0,65.0,702.0,225.991858,229.470114,D:maj,92.0
2234,228.3547527666667,227.73098552400003,1.0,0.0,261.0,,,,,,227.5177974166667,228.61924515000004,66.0,88.0,67.0,228.16634723333337,229.47069323333335,50.0,65.0,702.0,225.991858,229.470114,D:maj,92.0
2235,228.58663650000005,227.73098552400003,1.0,0.0,261.0,,,,,,228.58663650000005,230.22250377500004,64.0,81.0,68.0,228.16634723333337,229.47069323333335,50.0,65.0,702.0,225.991858,229.470114,D:maj,92.0
2236,228.60054952400003,228.60054952400003,0.0,0.0,262.0,,,,,,228.58663650000005,230.22250377500004,64.0,81.0,68.0,228.16634723333337,229.47069323333335,50.0,65.0,702.0,225.991858,229.470114,D:maj,92.0
2237,228.60112923333335,228.60054952400003,0.0,0.0,262.0,,,,,,228.58663650000005,230.22250377500004,64.0,81.0,68.0,228.60112923333335,229.47069323333335,62.0,79.0,703.0,225.991858,229.470114,D:maj,92.0
2238,228.61924515000004,228.60054952400003,0.0,0.0,262.0,,,,,,228.58663650000005,230.22250377500004,64.0,81.0,68.0,228.60112923333335,229.47069323333335,62.0,79.0,703.0,225.991858,229.470114,D:maj,92.0
2239,228.65004220833336,228.60054952400003,0.0,0.0,262.0,,,,,,228.58663650000005,230.22250377500004,64.0,81.0,68.0,228.60112923333335,229.47069323333335,62.0,79.0,703.0,225.991858,229.470114,D:maj,92.0
2240,229.03591123333337,228.60054952400003,0.0,0.0,262.0,,,,,,228.58663650000005,230.22250377500004,64.0,81.0,68.0,229.03591123333337,229.47069323333335,57.0,56.0,704.0,225.991858,229.470114,D:maj,92.0
2241,229.23699790833336,228.60054952400003,0.0,0.0,262.0,,,,,,228.58663650000005,230.22250377500004,64.0,81.0,68.0,229.03591123333337,229.47069323333335,57.0,56.0,704.0,225.991858,229.470114,D:maj,92.0
2242,229.47011352400003,229.47011352400003,1.0,1.0,263.0,,,,,,228.58663650000005,230.22250377500004,64.0,81.0,68.0,229.03591123333337,229.47069323333335,57.0,56.0,704.0,225.991858,229.470114,D:maj,92.0
2243,229.470114,229.47011352400003,1.0,1.0,263.0,,,,,,228.58663650000005,230.22250377500004,64.0,81.0,68.0,229.03591123333337,229.47069323333335,57.0,56.0,704.0,229.470114,232.94837,D:maj,93.0
2244,229.47069323333335,229.47011352400003,1.0,1.0,263.0,,,,,,228.58663650000005,230.22250377500004,64.0,81.0,68.0,229.47069323333335,230.88916950833337,38.0,79.0,705.0,229.470114,232.94837,D:maj,93.0
2245,229.9308375166667,229.47011352400003,1.0,1.0,263.0,,,,,,228.58663650000005,230.22250377500004,64.0,81.0,68.0,229.9308375166667,230.9254013416667,45.0,47.0,706.0,229.470114,232.94837,D:maj,93.0
2246,230.22250377500004,229.47011352400003,1.0,1.0,263.0,,,,,,228.58663650000005,230.22250377500004,64.0,81.0,68.0,229.9308375166667,230.9254013416667,45.0,47.0,706.0,229.470114,232.94837,D:maj,93.0
2247,230.339677524,230.339677524,0.0,0.0,264.0,,,,,,,,,,,229.9308375166667,230.9254013416667,45.0,47.0,706.0,229.470114,232.94837,D:maj,93.0
2248,230.35837315000003,230.339677524,0.0,0.0,264.0,,,,,,230.35837315000003,231.2732269416667,67.0,79.0,69.0,229.9308375166667,230.9254013416667,45.0,47.0,706.0,229.470114,232.94837,D:maj,93.0
2249,230.40185135000004,230.339677524,0.0,0.0,264.0,,,,,,230.35837315000003,231.2732269416667,67.0,79.0,69.0,230.40185135000004,230.90547383333336,50.0,78.0,707.0,229.470114,232.94837,D:maj,93.0
2250,230.8167058416667,230.339677524,0.0,0.0,264.0,,,,,,230.35837315000003,231.2732269416667,67.0,79.0,69.0,230.8167058416667,231.03590843333336,57.0,69.0,708.0,229.470114,232.94837,D:maj,93.0
2251,230.88916950833337,230.339677524,0.0,0.0,264.0,,,,,,230.35837315000003,231.2732269416667,67.0,79.0,69.0,230.8167058416667,231.03590843333336,57.0,69.0,708.0,229.470114,232.94837,D:maj,93.0
2252,230.90547383333336,230.339677524,0.0,0.0,264.0,,,,,,230.35837315000003,231.2732269416667,67.0,79.0,69.0,230.8167058416667,231.03590843333336,57.0,69.0,708.0,229.470114,232.94837,D:maj,93.0
2253,230.9254013416667,230.339677524,0.0,0.0,264.0,,,,,,230.35837315000003,231.2732269416667,67.0,79.0,69.0,230.8167058416667,231.03590843333336,57.0,69.0,708.0,229.470114,232.94837,D:maj,93.0
2254,231.03590843333336,230.339677524,0.0,0.0,264.0,,,,,,230.35837315000003,231.2732269416667,67.0,79.0,69.0,230.8167058416667,231.03590843333336,57.0,69.0,708.0,229.470114,232.94837,D:maj,93.0
2255,231.0667054916667,230.339677524,0.0,0.0,264.0,,,,,,230.35837315000003,231.2732269416667,67.0,79.0,69.0,231.0667054916667,232.95981878333336,38.0,46.0,709.0,229.470114,232.94837,D:maj,93.0
2256,231.12467642500005,230.339677524,0.0,0.0,264.0,,,,,,230.35837315000003,231.2732269416667,67.0,79.0,69.0,231.12467642500005,232.89097830000003,45.0,40.0,710.0,229.470114,232.94837,D:maj,93.0
2257,231.1264880166667,230.339677524,0.0,0.0,264.0,,,,,,230.35837315000003,231.2732269416667,67.0,79.0,69.0,231.1264880166667,232.9036594416667,50.0,56.0,711.0,229.470114,232.94837,D:maj,93.0
2258,231.16090825833336,230.339677524,0.0,0.0,264.0,,,,,,230.35837315000003,231.2732269416667,67.0,79.0,69.0,231.16090825833336,232.93989127500004,57.0,68.0,712.0,229.470114,232.94837,D:maj,93.0
2259,231.209241524,231.209241524,1.0,0.0,265.0,,,,,,230.35837315000003,231.2732269416667,67.0,79.0,69.0,231.16090825833336,232.93989127500004,57.0,68.0,712.0,229.470114,232.94837,D:maj,93.0
2260,231.23699510833336,231.209241524,1.0,0.0,265.0,,,,,,231.23699510833336,235.13554037500003,66.0,58.0,70.0,231.16090825833336,232.93989127500004,57.0,68.0,712.0,229.470114,232.94837,D:maj,93.0
2261,231.26416898333335,231.209241524,1.0,0.0,265.0,,,,,,231.23699510833336,235.13554037500003,66.0,58.0,70.0,231.26416898333335,232.92177535833335,62.0,56.0,713.0,229.470114,232.94837,D:maj,93.0
2262,231.2732269416667,231.209241524,1.0,0.0,265.0,,,,,,231.23699510833336,235.13554037500003,66.0,58.0,70.0,231.26416898333335,232.92177535833335,62.0,56.0,713.0,229.470114,232.94837,D:maj,93.0
2263,231.3438790166667,231.209241524,1.0,0.0,265.0,,,,,,231.23699510833336,235.13554037500003,66.0,58.0,70.0,231.3438790166667,232.9362680916667,66.0,73.0,714.0,229.470114,232.94837,D:maj,93.0
2264,232.078805524,232.078805524,0.0,0.0,266.0,,,,,,231.23699510833336,235.13554037500003,66.0,58.0,70.0,231.3438790166667,232.9362680916667,66.0,73.0,714.0,229.470114,232.94837,D:maj,93.0
2265,232.89097830000003,232.078805524,0.0,0.0,266.0,,,,,,231.23699510833336,235.13554037500003,66.0,58.0,70.0,231.3438790166667,232.9362680916667,66.0,73.0,714.0,229.470114,232.94837,D:maj,93.0
2266,232.9036594416667,232.078805524,0.0,0.0,266.0,,,,,,231.23699510833336,235.13554037500003,66.0,58.0,70.0,231.3438790166667,232.9362680916667,66.0,73.0,714.0,229.470114,232.94837,D:maj,93.0
2267,232.92177535833335,232.078805524,0.0,0.0,266.0,,,,,,231.23699510833336,235.13554037500003,66.0,58.0,70.0,231.3438790166667,232.9362680916667,66.0,73.0,714.0,229.470114,232.94837,D:maj,93.0
2268,232.9362680916667,232.078805524,0.0,0.0,266.0,,,,,,231.23699510833336,235.13554037500003,66.0,58.0,70.0,231.3438790166667,232.9362680916667,66.0,73.0,714.0,229.470114,232.94837,D:maj,93.0
2269,232.93989127500004,232.078805524,0.0,0.0,266.0,,,,,,231.23699510833336,235.13554037500003,66.0,58.0,70.0,,,,,,229.470114,232.94837,D:maj,93.0
2270,232.948369524,232.948369524,1.0,1.0,267.0,,,,,,231.23699510833336,235.13554037500003,66.0,58.0,70.0,,,,,,229.470114,232.94837,D:maj,93.0
2271,232.94837,232.948369524,1.0,1.0,267.0,,,,,,231.23699510833336,235.13554037500003,66.0,58.0,70.0,,,,,,232.94837,233.817934,N,94.0
2272,232.95981878333336,232.948369524,1.0,1.0,267.0,,,,,,231.23699510833336,235.13554037500003,66.0,58.0,70.0,,,,,,232.94837,233.817934,N,94.0
2273,233.817933524,233.817933524,0.0,0.0,268.0,,,,,,231.23699510833336,235.13554037500003,66.0,58.0,70.0,,,,,,232.94837,233.817934,N,94.0
2274,233.817934,233.817933524,0.0,0.0,268.0,,,,,,231.23699510833336,235.13554037500003,66.0,58.0,70.0,,,,,,233.817934,234.687498,N,95.0
2275,234.68749752400004,234.68749752400004,1.0,0.0,269.0,,,,,,231.23699510833336,235.13554037500003,66.0,58.0,70.0,,,,,,233.817934,234.687498,N,95.0
2276,234.687498,234.68749752400004,1.0,0.0,269.0,,,,,,231.23699510833336,235.13554037500003,66.0,58.0,70.0,,,,,,234.687498,235.557062,N,96.0
2277,235.13554037500003,234.68749752400004,1.0,0.0,269.0,,,,,,231.23699510833336,235.13554037500003,66.0,58.0,70.0,,,,,,234.687498,235.557062,N,96.0
2278,235.55706152400003,235.55706152400003,0.0,0.0,270.0,,,,,,,,,,,,,,,,234.687498,235.557062,N,96.0
2279,235.557062,235.55706152400003,0.0,0.0,270.0,,,,,,,,,,,,,,,,235.557062,236.426626,N,97.0
2280,236.426626,235.55706152400003,0.0,0.0,270.0,,,,,,,,,,,,,,,,235.557062,236.426626,N,97.0
